70 700
46 33
0 7
19 31
18 42
35 13
68 13
17 18
8 0
26 14
15 37
26 11
32 43
20 27
55 12
3 42
36 44
18 17
8 63
39 20
19 16
57 40
34 14
9 17
38 64
9 15
15 55
4 18
42 68
22 41
42 57
2 50
41 48
19 9
48 2
28 21
5 27
37 11
14 25
29 2
4 5
36 13
65 66
41 38
32 31
54 60
7 61
36 53
10 62
57 65
41 16
8 49
23 13
2 53
30 11
42 29
13 62
23 17
9 34
36 49
16 28
36 3
11 53
32 43
33 46
60 31
44 47
48 26
67 62
26 62
45 54
25 11
3 27
3 25
7 4
27 18
41 9
38 14
46 13
1 41
17 58
11 42
49 46
49 59
40 10
22 26
37 17
57 21
3 59
31 12
16 62
21 37
56 20
10 30
12 34
10 56
21 53
32 44
14 0
57 22
1 21
10 7
26 14
52 35
30 2
0 33
21 14
0 13
23 65
1 34
11 13
35 29
36 33
22 50
30 50
41 50
26 42
23 34
12 47
46 22
69 38
42 7
5 48
18 8
27 54
0 33
11 52
50 66
56 26
8 54
19 40
27 43
11 55
9 60
11 39
2 44
38 59
21 39
57 31
51 50
10 6
24 17
49 35
11 56
17 50
51 44
62 68
25 33
16 10
61 34
57 0
20 44
30 26
46 50
46 16
30 22
60 69
2 54
11 36
18 10
64 27
49 67
14 6
26 23
49 15
29 30
25 35
38 3
23 52
9 10
64 45
53 54
32 62
31 12
32 40
25 7
29 42
19 54
59 24
65 55
69 0
28 58
54 53
17 64
16 56
2 12
5 10
25 40
34 4
55 8
31 39
6 59
10 22
5 57
35 53
34 63
53 46
24 15
3 36
4 7
33 38
66 3
9 12
34 18
27 35
11 65
38 25
47 38
48 54
14 38
7 15
0 31
45 9
46 62
43 19
57 1
46 52
7 28
12 37
63 31
15 35
7 40
1 41
13 67
43 66
0 26
40 59
4 33
5 65
43 47
38 15
7 35
11 13
8 11
9 29
25 16
38 29
42 44
40 27
9 28
46 0
18 66
42 3
29 19
11 45
22 45
4 34
18 8
50 34
2 61
60 64
5 47
57 67
5 26
66 25
48 8
3 29
56 2
10 24
47 63
42 8
24 51
9 12
68 55
42 11
12 32
25 16
15 61
1 35
19 0
4 62
10 46
28 44
60 18
45 5
56 1
59 12
17 21
43 46
21 36
13 43
3 24
58 11
13 38
45 23
20 0
54 9
4 40
16 30
4 56
11 59
33 40
60 5
49 59
64 57
57 28
40 25
9 53
14 58
25 46
25 22
3 30
55 31
18 44
5 35
52 41
41 4
29 62
17 32
18 22
10 45
17 33
41 5
22 11
55 37
64 60
47 68
45 31
58 9
18 13
5 12
36 51
39 21
3 13
8 58
40 5
7 45
18 23
9 19
51 66
68 31
32 57
32 21
47 38
20 61
33 15
16 14
59 24
55 3
49 52
4 36
62 56
67 14
23 53
41 34
50 24
32 66
38 14
33 63
22 51
1 68
5 21
44 54
53 52
47 2
30 13
41 12
42 40
13 67
41 64
35 6
48 57
57 65
41 23
13 58
10 5
2 21
22 3
10 61
13 25
44 12
45 35
63 39
51 53
20 62
15 28
51 31
22 34
44 21
49 4
11 52
18 2
65 26
24 14
52 39
43 65
34 9
18 7
20 36
35 67
30 62
46 35
50 33
48 62
18 57
35 63
7 36
52 11
63 44
27 16
63 33
3 53
30 21
59 47
52 54
62 63
41 2
6 19
8 42
35 5
33 48
3 2
30 31
69 50
50 33
52 50
7 38
51 40
56 14
7 9
44 50
21 37
46 23
61 7
19 29
7 15
35 43
13 27
66 63
69 39
19 5
28 27
16 13
11 65
30 5
21 45
25 39
1 39
6 1
9 21
0 21
58 43
27 15
27 1
54 37
7 40
58 20
36 49
8 28
4 52
29 51
49 19
47 1
63 46
50 0
42 36
9 26
39 48
29 38
22 14
13 51
23 11
18 43
14 68
0 65
44 65
24 68
20 28
38 67
45 3
66 0
48 22
51 58
47 37
16 68
51 42
60 14
43 40
61 47
2 53
36 43
40 48
8 50
50 68
50 3
51 16
58 19
43 3
11 52
58 4
25 14
2 9
50 23
26 3
25 46
57 32
35 37
28 52
42 59
17 35
8 49
4 36
15 25
11 6
22 34
26 0
21 17
0 39
54 51
23 2
18 29
34 49
28 50
17 6
50 14
3 19
23 13
34 25
19 45
29 51
24 33
25 19
47 53
27 55
15 33
47 64
51 55
14 52
10 36
16 62
46 63
2 7
34 58
2 9
1 54
21 6
50 31
9 59
52 19
12 52
7 64
27 9
35 10
4 46
54 12
43 57
37 13
37 5
45 18
51 0
50 35
69 12
2 37
1 40
25 8
48 69
10 59
27 14
28 30
0 47
21 33
49 40
69 62
66 10
45 63
17 48
56 21
53 56
32 66
33 4
31 12
43 11
25 1
6 4
28 49
19 66
40 9
45 20
5 18
10 45
69 33
3 32
9 45
35 32
22 7
53 8
34 30
32 53
34 37
49 26
25 3
59 60
47 63
32 46
57 33
29 12
35 33
6 11
27 23
12 10
47 41
12 13
12 28
8 38
46 19
28 16
53 19
4 26
33 9
62 54
17 54
13 40
44 43
49 56
41 55
30 62
20 5
27 62
50 36
5 60
29 24
25 68
31 3
12 18
46 28
11 56
16 30
8 20
25 67
59 61
39 63
55 4
25 23
18 63
64 26
29 34
46 50
6 16
37 61
26 68
13 54
40 25
60 3
16 9
33 13
8 46
5 15
58 34
22 7
43 17
46 30
10 5
37 19
1 25
51 5
8 51
46 1
20 36
23 40
5 38
22 35
65 50
40 56
22 50
23 32
42 57
65 13
19 34
15 4
17 32
28 48
41 31
0 51
47 58
35 3
27 38
29 60
22 51
40 23
51 1
37 64
43 9
29 12
35 0
63 37
21 16
68 37
6 26
50 47
40 30
6 28
54 10
27 4
41 26
48 28
52 16
60 46
44 18
58 32
1 25
10 42
