110 1500
9 20
45 85
73 21
86 2
59 19
98 97
40 71
27 0
60 90
62 46
3 74
55 27
104 58
76 63
37 99
5 12
10 40
87 49
61 64
41 96
73 5
73 89
90 91
80 16
37 8
77 40
73 108
44 43
46 0
82 49
99 87
62 85
94 29
14 21
83 31
108 13
26 47
102 93
104 62
13 32
61 56
48 24
30 82
57 53
82 29
102 48
82 20
13 66
40 4
78 99
25 42
2 52
79 95
25 74
37 4
106 88
61 34
102 81
93 25
14 65
44 83
103 93
49 23
1 93
3 16
25 105
34 105
80 59
59 8
54 31
86 91
55 62
38 80
53 70
101 16
53 84
109 26
99 23
3 83
26 96
98 107
20 69
68 80
8 76
100 29
28 81
61 73
23 99
20 42
49 87
58 79
51 34
105 16
57 75
75 49
61 54
36 81
13 104
17 108
60 7
27 79
78 18
102 58
28 24
83 105
59 42
22 83
4 39
20 79
104 45
20 24
95 91
28 80
85 16
106 82
9 65
41 88
84 23
12 78
23 85
74 72
104 86
21 84
101 17
43 86
76 39
0 28
106 104
84 95
96 70
58 10
2 75
74 76
88 76
44 87
27 84
26 11
61 37
71 42
55 104
104 97
33 105
15 20
89 65
81 76
26 5
62 18
70 16
94 48
68 4
102 85
79 8
73 6
45 24
48 66
9 43
54 32
4 59
28 69
5 100
1 107
95 53
15 56
45 85
94 103
79 76
69 24
84 22
44 96
36 69
52 45
78 96
54 82
22 72
31 3
62 23
0 48
52 5
94 88
90 44
47 49
11 6
74 61
4 84
47 31
19 76
76 87
62 106
49 74
69 57
67 11
56 57
25 98
62 9
52 8
44 4
34 31
96 98
82 91
48 106
12 58
62 64
35 4
51 85
55 0
108 98
87 44
46 3
32 74
98 75
83 8
79 7
5 31
71 88
12 9
50 100
57 2
45 69
92 72
34 27
62 32
6 15
76 42
18 98
92 83
39 65
81 8
38 87
16 109
55 18
85 95
9 8
73 30
91 45
92 101
49 20
13 45
25 65
63 44
30 21
7 59
77 88
44 5
31 50
81 86
68 46
47 43
44 86
49 2
22 21
93 37
41 83
58 67
4 11
77 34
22 84
70 75
38 104
71 70
44 8
12 78
54 26
12 74
102 51
66 4
73 50
17 80
13 89
27 17
66 94
18 79
44 78
20 49
86 81
85 96
65 87
64 109
103 66
64 96
84 20
76 23
60 84
93 49
53 1
33 96
71 41
41 92
9 51
21 71
109 106
57 78
73 1
44 43
44 108
29 18
8 95
31 45
45 4
60 99
5 83
51 53
100 82
25 99
23 46
50 12
8 97
57 71
75 101
90 109
89 109
93 73
61 4
84 106
8 35
61 14
108 102
57 99
74 58
54 88
94 105
76 92
68 13
29 23
4 0
108 69
75 81
23 2
85 107
99 84
8 40
64 107
9 97
72 73
35 6
27 95
87 94
67 46
107 62
35 102
62 10
51 4
81 50
106 33
24 95
93 22
2 13
105 97
0 57
60 1
40 78
96 7
38 43
43 25
105 55
103 24
65 21
18 12
37 14
11 75
86 70
74 64
83 41
73 107
91 50
27 35
26 34
63 69
54 65
41 109
24 65
30 11
83 8
49 63
20 14
39 80
78 93
54 18
14 93
15 82
34 18
107 60
52 27
10 72
58 41
47 82
82 77
94 45
76 23
108 96
3 4
56 58
97 100
76 88
60 57
50 94
65 13
34 93
16 10
56 74
27 93
37 109
51 107
10 17
106 95
103 109
99 25
47 52
102 3
20 52
50 36
2 5
26 99
32 13
35 97
40 18
0 6
59 97
16 52
83 101
21 72
56 23
0 109
5 3
105 33
54 32
25 48
51 14
70 40
15 57
81 24
47 87
59 10
93 88
83 61
99 22
7 12
22 92
17 15
78 40
35 100
65 61
4 93
65 74
13 71
108 94
71 11
37 10
12 107
88 71
48 78
107 31
66 9
4 74
1 72
104 50
38 36
101 42
9 33
92 22
94 56
107 31
68 24
7 80
11 96
31 35
40 5
57 96
100 61
50 91
109 45
22 27
71 99
35 56
12 103
68 82
40 55
103 98
56 1
34 43
73 65
69 89
36 102
65 17
29 6
108 18
27 10
11 74
86 46
10 88
39 92
37 69
14 6
33 36
107 67
69 46
13 4
15 49
106 81
42 15
77 31
23 80
41 10
34 7
56 58
72 86
6 75
21 106
81 45
22 45
102 68
91 48
97 21
35 34
63 26
1 94
16 81
102 26
105 85
83 29
23 25
25 88
22 108
26 57
10 71
50 54
18 21
93 91
18 15
48 10
102 22
26 63
100 43
34 52
6 53
65 7
55 44
19 43
70 77
19 21
7 74
15 4
47 107
99 41
2 37
41 105
35 58
48 16
101 49
68 73
92 13
80 3
23 99
12 83
42 32
80 39
82 86
20 19
83 109
50 75
36 81
36 61
29 61
53 10
0 1
83 82
91 43
62 4
9 74
78 41
106 14
57 68
100 67
63 39
42 103
91 68
75 17
95 94
68 15
95 58
6 34
31 73
54 69
68 53
23 12
94 106
40 7
64 7
50 8
36 82
87 7
30 52
25 102
27 83
21 98
32 3
22 39
77 76
98 11
19 11
13 80
107 29
87 38
26 18
12 63
90 99
60 11
32 61
103 35
25 100
13 33
69 35
62 12
102 40
13 87
27 26
47 15
46 101
43 72
9 31
15 75
20 52
76 42
79 35
67 104
1 80
17 71
106 79
73 74
95 63
17 27
79 55
8 15
46 51
78 31
82 69
96 92
87 29
1 47
40 68
17 32
15 25
93 1
94 32
41 70
85 58
73 31
3 71
22 25
12 100
22 70
26 109
18 89
4 19
26 44
54 34
66 59
59 25
60 9
58 77
79 109
15 32
30 9
103 53
10 91
9 23
17 11
108 36
5 88
21 107
12 75
21 79
14 70
94 50
80 18
7 49
8 23
58 38
8 27
57 94
85 67
107 102
68 81
104 39
49 16
37 62
57 58
21 72
19 5
2 99
14 0
14 108
109 62
12 83
66 60
81 41
17 55
23 75
26 8
5 76
0 18
18 71
90 15
109 85
96 102
64 0
78 69
84 43
107 1
16 63
61 73
94 44
18 84
95 21
92 90
63 82
98 57
19 55
62 9
20 48
1 75
15 45
10 99
88 7
90 104
37 7
57 11
41 66
71 17
77 53
83 30
25 72
77 35
7 29
34 3
43 1
78 58
46 78
38 24
62 8
8 65
102 31
52 33
97 14
50 40
57 14
60 59
62 3
84 69
22 94
62 66
95 107
100 7
51 18
21 103
27 105
58 19
16 101
18 4
5 59
34 38
49 71
87 15
74 37
50 63
107 88
105 82
75 109
79 31
8 76
0 11
61 25
20 78
102 14
72 83
63 72
1 2
33 79
7 74
92 33
27 80
2 12
42 77
87 98
84 95
64 75
82 6
76 68
74 82
97 2
45 26
74 22
19 84
101 2
38 74
36 55
34 38
43 52
105 10
40 80
82 95
11 44
91 77
3 31
25 76
33 70
92 97
82 1
61 50
4 75
90 40
20 4
54 29
32 25
30 63
95 16
38 96
36 105
39 29
26 64
95 25
0 54
2 83
55 40
99 59
5 69
65 102
49 109
11 71
15 55
24 0
47 38
63 50
23 102
79 39
47 31
64 37
85 43
0 20
73 75
70 44
24 1
36 63
1 38
25 16
69 15
92 83
68 35
23 67
4 92
107 41
13 27
78 88
60 55
85 109
10 35
44 1
26 46
64 3
74 65
9 10
81 92
93 5
7 106
72 1
88 35
18 78
63 73
32 89
8 107
65 104
8 99
105 35
11 26
28 86
67 28
86 28
0 59
9 93
55 72
71 9
107 79
77 26
42 100
6 40
73 61
25 96
26 96
97 27
12 5
103 80
33 45
98 23
104 98
107 15
50 58
15 37
3 68
64 60
34 36
76 98
97 77
60 3
64 47
20 76
52 100
36 52
35 101
65 106
65 38
11 105
72 16
8 76
85 38
102 109
74 68
73 51
36 13
20 90
60 41
32 103
7 59
35 32
26 76
28 81
81 30
52 33
22 60
109 97
99 91
63 53
26 81
28 40
101 8
90 22
30 49
5 65
60 28
81 17
32 28
98 52
70 21
65 21
97 18
86 54
81 105
70 108
66 98
28 48
82 94
46 89
24 42
34 84
70 92
91 92
10 69
11 81
67 66
68 44
60 34
88 22
29 25
10 86
99 14
24 62
12 46
17 26
88 51
1 24
9 82
7 10
18 94
81 75
40 39
9 90
39 63
2 58
88 98
34 44
102 34
106 105
81 99
107 25
30 74
50 30
23 40
31 21
97 106
37 102
91 103
45 44
72 79
99 50
4 33
57 14
5 18
61 94
5 87
100 56
17 10
69 40
26 90
37 3
86 40
95 33
33 6
67 95
86 56
36 56
79 69
70 60
63 108
34 44
75 25
4 68
25 63
108 52
19 25
21 105
41 107
18 64
3 62
26 79
94 52
25 40
97 62
90 40
50 15
84 15
30 55
59 31
108 47
73 18
48 95
89 79
82 84
33 61
12 49
107 96
77 12
26 30
50 107
70 100
98 11
91 8
56 30
29 30
77 79
24 101
30 104
60 2
78 84
29 80
109 16
66 43
29 59
63 69
32 0
36 10
1 7
104 57
4 23
77 81
68 102
63 98
86 13
90 30
73 0
0 63
16 42
96 21
101 49
67 13
49 93
23 40
66 7
63 70
21 31
8 65
13 71
68 75
50 14
105 100
100 95
43 93
17 5
104 95
54 51
98 70
10 12
86 67
105 30
27 102
61 25
72 50
72 106
15 99
10 0
79 1
71 2
84 64
7 54
39 27
82 4
97 82
6 64
39 1
84 33
94 11
34 22
51 97
18 66
76 18
32 35
105 79
37 55
23 20
100 29
37 62
33 15
34 15
69 40
6 19
73 90
30 97
102 81
74 10
3 16
5 35
51 76
104 78
12 93
88 78
12 16
6 11
7 40
16 52
56 23
71 9
103 91
97 72
28 37
72 31
44 43
56 85
10 26
30 98
9 84
66 98
76 48
109 73
78 16
5 15
29 42
0 98
109 87
60 27
91 13
48 15
32 80
76 32
96 72
106 82
47 52
60 3
100 35
53 35
41 24
50 36
43 40
1 32
104 51
50 85
40 74
76 63
35 32
95 107
81 82
69 8
100 105
87 81
21 6
6 38
21 32
75 64
48 66
86 18
7 2
93 14
67 25
77 102
34 52
89 105
100 25
103 91
10 80
38 31
77 20
46 98
52 1
42 66
43 104
85 16
107 34
30 54
60 97
12 84
16 77
79 106
92 62
87 103
8 5
0 85
25 36
39 67
3 57
0 36
52 75
29 39
13 59
83 49
47 95
13 53
52 82
49 11
34 3
104 33
108 94
94 0
97 14
57 100
47 3
89 2
32 8
102 81
57 31
94 18
45 37
37 7
53 48
42 46
32 51
20 16
25 20
103 15
44 70
53 81
63 22
84 85
107 66
32 54
97 7
49 22
44 100
30 73
14 38
95 60
89 6
42 104
102 12
0 26
82 53
108 1
65 48
86 38
90 108
93 43
5 22
56 16
98 52
79 102
90 55
18 59
37 60
43 19
48 19
36 10
38 10
11 104
34 63
8 4
62 91
47 57
103 79
49 57
35 19
39 15
64 57
40 91
8 84
0 32
93 2
19 22
12 20
102 36
60 100
30 2
72 78
35 41
37 75
99 49
84 18
30 38
76 61
105 60
25 95
82 94
74 101
92 76
88 50
103 38
41 23
40 89
67 65
96 71
20 75
0 80
70 20
94 12
81 79
62 96
41 10
57 19
88 29
71 66
80 54
94 87
54 14
42 1
45 18
72 42
94 48
12 44
69 97
32 30
56 70
103 97
80 40
82 48
69 34
80 15
88 54
92 22
44 24
0 80
33 72
12 7
1 0
27 60
87 49
66 10
9 59
97 55
89 70
94 25
104 54
30 58
99 13
81 23
3 71
103 36
9 91
19 0
82 36
36 35
85 79
21 60
18 109
6 108
45 90
13 39
24 19
87 99
32 24
13 26
71 92
52 71
74 72
47 12
108 60
23 50
19 35
0 27
34 106
15 79
62 4
84 63
14 51
42 12
52 55
38 13
28 67
74 78
19 98
66 93
38 79
33 47
4 10
64 4
6 56
73 59
50 23
2 64
65 44
77 7
76 91
96 70
38 37
28 57
15 84
41 43
29 40
80 0
50 34
4 47
90 44
106 7
81 84
61 12
18 4
105 84
86 92
44 14
9 48
38 14
108 45
57 18
85 17
18 26
27 98
73 108
32 45
105 90
9 32
102 27
37 88
78 89
36 98
79 45
27 107
59 15
42 106
9 18
99 3
34 6
92 97
90 100
32 61
70 31
84 63
34 11
17 102
90 53
81 49
64 84
23 3
75 65
99 85
49 54
78 83
36 46
17 68
68 87
75 42
16 100
19 23
92 85
42 29
15 96
3 14
89 69
55 54
34 9
108 88
68 25
5 32
22 49
76 99
29 109
106 19
8 105
77 84
4 107
75 100
100 89
70 59
24 100
83 9
89 52
78 4
33 49
12 45
2 78
10 107
67 92
92 52
78 60
26 58
47 101
38 3
46 98
