50 700
33 30
27 49
43 29
36 20
49 39
12 33
40 23
13 30
40 4
22 4
11 4
17 41
32 22
12 39
17 27
29 42
22 38
19 39
43 32
11 40
29 35
21 11
34 47
48 12
15 44
13 14
41 40
6 9
12 42
46 37
5 41
34 25
36 37
46 17
13 15
24 29
32 23
14 25
34 24
43 14
37 18
26 36
38 4
3 17
4 37
32 14
26 4
39 0
26 20
44 3
45 16
34 2
17 19
47 2
17 28
2 26
1 40
36 1
15 49
44 15
40 15
31 43
21 3
25 1
27 29
6 29
3 0
15 48
33 11
24 22
21 10
29 37
19 44
18 42
15 44
49 20
23 2
45 46
1 13
5 39
38 46
28 23
0 27
0 18
14 30
14 33
6 5
41 5
15 27
36 24
1 19
28 7
7 28
21 16
45 5
35 15
18 48
43 40
29 4
4 11
13 29
38 28
40 32
18 28
38 17
17 21
46 34
43 20
33 8
49 2
25 26
40 29
39 8
36 33
32 30
14 15
7 49
4 14
11 44
28 5
43 32
18 28
22 43
10 37
1 33
30 32
5 2
36 40
26 0
15 14
16 6
8 6
37 18
24 4
36 4
49 15
0 32
21 45
31 37
30 47
44 12
13 49
31 7
46 43
23 1
18 4
45 32
16 8
40 22
34 4
42 18
7 5
6 31
18 17
12 26
22 3
9 10
10 0
37 34
1 13
22 45
5 35
49 19
4 19
11 2
17 37
28 33
0 36
8 36
24 46
19 34
31 22
34 22
22 28
0 35
35 34
49 4
42 24
13 10
40 34
40 7
31 49
36 8
5 0
4 31
19 3
26 42
5 30
42 39
34 41
5 41
17 0
13 46
26 47
44 40
2 40
34 1
42 36
28 1
22 10
8 2
36 10
3 22
3 13
33 34
40 42
17 30
18 15
0 40
38 33
49 14
3 11
13 23
3 40
36 19
2 14
25 16
7 15
36 42
14 35
10 32
28 49
0 30
6 32
44 47
49 23
39 38
28 43
0 23
47 32
9 21
35 6
39 42
15 45
4 41
49 28
35 27
43 29
27 36
38 25
49 23
17 36
42 25
43 44
29 30
32 30
41 17
26 8
11 0
10 11
23 31
31 8
25 6
17 19
34 48
24 29
14 48
5 36
12 42
0 38
26 34
16 4
28 11
46 12
47 12
1 32
31 47
7 45
12 30
14 13
12 46
12 35
10 13
39 4
5 25
20 47
37 42
38 42
20 22
6 21
6 44
49 19
5 37
17 18
45 17
23 46
23 43
39 3
7 18
7 6
21 43
0 19
18 48
25 34
24 35
7 47
43 48
20 41
17 19
19 27
22 32
23 45
31 20
32 26
42 21
7 43
21 5
24 45
47 43
31 39
37 24
4 46
25 15
16 10
2 29
39 22
4 36
30 38
21 44
12 26
29 11
35 24
4 6
33 3
7 8
49 39
27 46
36 20
18 39
13 27
44 31
5 42
41 29
5 40
39 24
43 0
5 30
22 38
17 2
43 32
26 15
36 15
43 0
14 5
29 23
12 45
38 47
10 24
44 7
46 15
37 43
3 9
23 30
25 47
10 34
17 10
13 43
40 28
30 36
21 29
33 9
39 29
4 31
5 28
18 11
35 14
45 9
49 48
17 16
13 17
46 17
15 18
36 23
20 24
11 24
32 6
29 47
20 36
22 33
34 14
33 30
48 42
13 47
0 48
23 6
9 6
47 8
32 25
32 36
4 7
48 24
40 12
9 46
12 41
41 34
23 16
22 4
4 19
21 43
15 31
21 48
19 18
1 31
3 33
7 37
28 24
47 22
34 46
34 30
41 40
48 41
2 45
39 31
6 12
16 2
9 19
0 33
3 5
14 32
39 30
17 37
37 27
32 30
31 41
0 13
40 14
0 43
13 47
44 15
31 15
20 45
32 39
37 17
46 29
4 40
42 5
47 36
34 3
6 31
7 24
45 47
12 23
33 8
4 13
9 41
32 0
21 36
13 6
32 45
35 16
35 30
40 29
14 42
16 48
42 19
28 39
25 34
36 24
18 29
37 32
32 7
10 23
38 17
15 22
37 35
8 42
33 48
7 25
27 44
19 35
1 37
10 24
39 6
38 30
43 5
40 22
49 12
31 5
27 19
7 12
2 7
41 17
18 44
34 21
26 29
16 46
4 26
8 11
28 39
5 10
24 45
0 27
47 43
12 33
32 29
43 40
39 20
21 39
35 39
4 45
12 37
16 34
0 16
32 15
17 18
23 45
6 7
14 34
13 5
22 39
37 7
28 17
30 35
6 46
41 20
2 3
11 21
17 11
33 17
12 36
6 2
17 48
39 26
4 42
25 49
41 48
38 27
36 38
6 36
10 3
14 19
14 12
36 13
39 45
35 16
21 13
40 29
9 23
23 14
35 2
45 21
13 41
48 35
5 7
43 6
6 22
33 34
21 42
27 2
45 37
11 28
23 6
0 24
25 24
42 6
9 31
39 20
19 34
1 0
33 47
33 47
4 38
31 49
16 49
17 22
42 25
2 8
31 10
24 31
18 38
33 13
37 8
23 13
12 21
33 9
46 14
41 3
26 6
30 25
35 46
5 36
29 17
48 20
12 18
19 6
41 30
10 18
26 45
39 18
8 15
38 1
43 31
10 22
5 26
13 15
38 14
21 39
29 41
30 3
45 27
24 36
4 48
19 34
19 28
23 30
33 25
37 13
44 29
49 13
39 28
42 24
36 25
49 43
36 11
11 20
33 25
22 15
23 31
19 38
4 46
24 23
9 15
18 23
12 17
5 22
33 35
34 33
15 1
37 21
19 38
37 20
37 18
39 8
5 28
4 5
7 49
16 22
21 32
5 49
29 35
28 24
47 20
45 26
37 27
1 18
3 12
48 34
36 32
7 8
17 4
21 10
30 34
44 47
37 33
34 1
12 31
17 9
15 8
8 11
45 29
22 45
45 21
9 43
26 44
21 8
25 7
22 13
39 15
16 6
12 36
46 0
33 27
36 43
20 16
18 43
41 40
39 27
13 20
40 13
2 13
31 40
7 38
21 16
33 6
25 17
40 5
22 0
34 20
25 38
2 43
22 48
39 41
33 13
11 37
42 14
39 18
44 46
30 23
44 1
7 5
