50 700
9 16
41 25
29 25
10 12
21 1
8 17
8 29
39 26
14 36
24 46
17 8
27 19
26 30
6 13
43 5
25 22
24 48
11 7
33 16
1 2
7 13
41 29
40 17
16 24
35 30
23 46
27 30
20 13
14 0
10 31
5 45
40 37
32 35
12 39
3 47
10 45
10 45
14 37
12 14
19 0
1 28
48 8
6 34
21 11
0 19
18 10
4 18
25 32
30 36
42 29
39 10
8 28
7 21
41 2
49 22
16 6
33 20
8 1
13 9
40 9
48 19
9 17
21 11
29 15
11 17
15 16
3 6
11 26
21 9
16 28
11 2
45 3
5 0
44 38
39 40
5 6
47 18
15 6
43 31
31 29
22 44
48 1
42 23
18 44
44 24
16 27
4 33
27 17
49 9
32 22
9 17
6 5
17 34
1 8
27 39
13 25
11 18
14 3
35 28
5 6
4 43
25 3
46 36
24 34
4 48
14 19
15 47
8 24
31 10
15 30
25 32
37 14
46 15
43 24
38 39
42 44
7 45
24 38
7 12
10 9
5 26
6 40
46 21
14 15
9 31
46 38
29 30
44 34
4 42
11 18
4 42
18 14
33 42
16 0
10 12
1 19
16 38
43 33
9 31
38 43
26 20
21 29
25 29
18 39
11 23
40 30
5 6
34 24
40 20
8 36
0 6
3 15
48 49
18 27
44 8
40 39
15 36
6 12
15 16
49 23
8 31
23 39
27 31
32 19
31 20
31 15
22 47
2 34
38 0
16 22
17 26
33 10
32 2
2 12
4 35
15 2
11 20
16 38
9 38
46 34
34 39
1 9
18 12
15 14
6 39
19 33
12 10
35 10
16 39
32 13
19 41
47 24
15 31
8 6
15 4
4 2
12 24
21 12
0 28
25 22
8 28
20 16
44 23
20 33
7 23
36 30
14 37
10 8
1 0
18 48
37 29
6 23
3 33
17 23
20 36
49 12
0 25
4 37
13 26
36 44
17 0
0 8
35 0
18 16
18 44
19 29
7 39
2 48
9 20
19 17
2 29
3 5
42 29
14 25
47 34
5 49
2 15
3 33
31 37
14 38
5 39
45 27
12 35
11 34
13 10
10 20
33 19
20 2
17 22
28 27
11 41
49 39
10 15
4 7
5 24
0 26
24 47
14 38
23 18
20 26
22 6
38 4
0 2
42 19
38 10
31 10
43 30
23 7
27 2
8 24
5 32
12 22
15 0
45 9
0 15
19 0
49 27
36 38
22 20
10 6
41 6
16 19
23 15
5 17
14 35
3 43
22 3
41 9
3 17
34 7
22 31
13 0
23 18
34 15
10 34
17 37
9 13
8 20
9 7
3 9
25 2
22 23
11 1
14 42
14 12
23 47
47 41
15 34
27 7
5 31
23 17
8 4
46 8
45 31
28 46
24 21
21 26
4 38
24 48
3 30
38 2
31 37
3 36
20 36
9 17
47 7
28 19
19 27
12 6
0 18
19 33
23 24
35 5
26 11
17 15
38 49
4 3
20 45
30 2
2 17
30 33
26 16
45 6
13 3
0 24
1 39
13 22
47 38
31 20
48 4
17 26
7 37
19 23
35 43
32 25
3 20
26 7
0 33
31 40
8 0
28 41
15 3
23 49
45 24
17 15
16 28
43 15
46 45
25 19
2 37
8 23
33 36
41 5
36 6
13 0
18 31
18 32
28 29
1 0
10 22
31 4
0 3
14 38
18 33
17 10
34 23
16 49
14 37
6 12
9 22
24 34
15 18
26 20
14 19
8 22
1 21
14 13
44 32
38 34
21 31
23 15
35 11
2 9
34 41
39 23
17 47
35 48
46 7
32 34
10 24
24 31
10 28
11 42
21 19
47 6
34 16
36 49
47 10
8 9
11 41
4 48
9 36
17 27
31 37
5 32
4 11
17 30
21 30
38 30
7 33
7 44
19 31
17 0
45 12
1 27
11 26
49 14
10 32
15 27
4 34
13 16
3 7
18 15
23 42
5 33
40 4
29 49
19 42
30 1
26 43
36 42
27 25
8 15
16 30
35 24
40 26
8 42
9 48
9 5
30 26
20 38
17 27
10 42
25 10
31 8
11 5
14 7
17 28
16 13
42 37
17 7
46 39
17 31
7 30
28 9
4 48
38 23
37 10
12 29
18 31
39 7
1 7
6 32
5 21
25 28
4 14
5 16
13 16
20 24
36 18
5 38
37 5
16 24
21 0
1 17
27 22
7 42
33 23
20 49
26 1
27 35
7 44
11 2
18 31
14 42
10 32
14 39
19 24
11 25
14 1
10 30
43 1
44 27
21 29
22 31
14 37
18 20
29 0
6 25
15 9
5 41
21 31
28 0
16 28
35 4
33 2
12 24
27 39
33 2
26 9
36 20
2 34
16 9
38 35
8 16
24 23
19 5
48 31
45 10
33 39
1 43
18 45
20 45
25 23
5 38
45 5
47 13
8 26
18 3
7 26
35 8
5 40
5 1
25 20
11 10
22 44
17 14
20 24
43 19
37 4
29 38
5 36
35 29
25 23
24 46
13 15
24 41
27 2
28 39
20 38
1 2
8 27
20 6
21 47
11 32
41 17
4 25
7 16
22 31
15 36
10 0
19 5
16 25
14 19
7 8
10 12
18 29
18 21
38 10
22 6
11 49
4 8
35 18
23 3
31 10
18 35
0 23
11 28
24 21
25 19
35 10
19 15
43 4
12 24
24 29
48 39
2 3
8 3
27 7
1 14
7 29
39 14
0 40
8 35
3 5
0 31
23 14
3 27
30 27
49 3
47 2
8 34
6 19
7 43
10 3
32 29
29 34
37 39
42 29
35 5
23 33
45 30
43 2
37 22
21 30
19 20
8 1
15 29
43 16
40 21
2 5
13 9
17 28
16 37
0 5
34 37
17 1
25 36
25 6
48 4
22 16
11 2
49 14
9 0
22 16
10 24
3 17
11 44
3 2
19 37
33 5
16 8
13 25
9 32
27 35
41 39
29 36
10 41
2 35
1 2
25 9
3 16
14 22
38 46
6 13
45 6
17 40
4 38
27 21
8 29
25 3
34 30
15 32
29 11
44 47
22 11
6 3
2 45
19 0
13 22
20 44
46 5
10 2
5 22
18 9
7 3
43 1
3 12
32 39
16 34
