150 15000
11 147
115 10
136 99
59 52
140 38
136 111
22 86
101 84
32 47
73 70
29 132
108 27
43 31
13 123
21 104
37 119
65 8
76 140
110 122
20 106
105 104
69 125
46 103
83 60
132 59
149 74
43 22
108 98
20 3
43 49
72 131
29 7
76 9
44 85
106 47
4 2
33 97
56 140
86 45
51 134
40 6
67 116
106 39
10 121
41 81
135 23
119 148
45 119
3 75
110 140
40 51
23 85
146 1
126 73
14 61
50 25
32 99
135 71
120 62
115 136
82 62
28 17
24 23
116 112
92 23
128 81
99 116
4 73
75 71
40 133
102 24
117 96
131 120
103 89
22 64
90 14
104 114
140 59
109 75
4 41
44 74
93 98
10 131
55 106
31 13
5 146
16 12
57 76
84 44
75 104
0 92
149 70
76 138
131 40
45 100
63 146
103 24
110 63
145 101
116 15
40 111
6 22
45 19
31 2
126 84
9 5
55 96
149 132
51 104
28 44
78 140
12 78
77 24
88 19
22 146
31 59
142 47
50 60
125 85
144 38
108 84
81 36
83 27
55 4
104 3
26 40
18 89
34 25
71 119
13 134
126 124
98 71
134 42
84 139
64 63
12 48
57 78
133 53
90 127
96 84
8 93
47 145
103 123
47 52
36 77
21 23
57 31
18 111
60 143
127 23
30 44
98 73
89 18
103 11
71 139
101 44
139 105
123 134
85 50
79 10
27 43
125 54
79 117
123 144
129 12
140 24
26 116
42 87
123 51
9 30
146 107
144 136
17 134
68 98
90 55
96 84
16 138
133 100
47 36
49 28
7 32
136 25
72 147
139 94
49 110
41 78
87 148
56 34
56 6
10 107
105 137
128 48
73 113
98 103
79 12
22 24
0 98
88 3
24 127
31 48
70 97
139 58
40 43
97 82
132 77
91 0
114 124
121 31
139 32
92 35
98 46
86 142
81 41
76 25
126 75
50 114
32 131
54 123
107 102
94 96
77 146
10 65
63 29
111 149
91 35
125 43
107 0
82 7
17 63
72 103
30 23
10 93
29 87
125 54
46 114
17 65
37 58
143 68
75 35
101 141
98 145
8 24
71 93
135 48
22 65
82 23
79 60
40 5
15 148
135 36
115 41
35 93
111 107
109 66
36 52
77 145
33 43
128 47
0 118
55 87
147 117
135 124
61 113
46 43
109 117
33 103
73 22
72 0
64 60
147 86
69 131
103 83
107 93
56 60
102 114
16 21
48 102
71 119
56 31
97 69
122 14
3 34
138 111
132 118
56 77
19 60
142 125
4 81
63 14
131 3
138 47
131 110
46 19
30 36
65 9
125 100
131 0
1 142
33 139
50 72
68 6
66 25
132 85
146 130
90 24
76 55
117 3
139 15
116 38
143 58
69 120
55 5
145 87
53 92
133 12
120 6
148 6
99 93
91 3
17 117
90 49
52 62
29 27
16 7
41 18
114 90
111 106
4 133
8 28
92 22
29 140
125 43
8 12
78 109
105 141
59 132
93 92
140 46
2 47
32 72
54 45
105 129
140 31
148 47
97 36
134 71
40 120
102 76
119 11
79 122
50 33
39 9
128 149
96 31
62 134
136 131
94 134
149 99
38 113
113 100
92 13
1 119
31 14
135 2
113 54
5 133
62 10
37 46
21 137
145 6
101 58
50 74
75 67
115 69
89 9
35 81
133 93
143 76
31 21
11 22
63 12
37 122
74 118
133 32
37 148
107 90
95 126
18 53
110 105
8 3
105 24
59 70
114 4
30 42
10 146
138 130
85 128
14 81
60 80
90 91
68 51
138 41
87 45
49 48
24 74
132 40
143 98
113 39
47 104
101 104
42 76
115 100
105 81
86 137
35 128
143 7
4 14
103 148
29 124
131 33
99 64
65 142
69 50
119 37
12 120
45 149
54 14
103 72
127 10
114 66
78 132
0 2
40 66
139 148
26 84
74 97
92 104
121 135
66 144
23 83
80 32
113 59
47 98
19 110
51 80
19 86
26 101
15 83
122 114
129 63
12 1
125 58
36 10
44 100
41 104
8 13
51 22
113 78
107 56
63 118
130 95
49 31
26 55
106 0
12 74
11 63
86 107
16 49
48 90
123 8
57 140
100 47
97 110
103 105
148 96
87 141
138 71
33 137
71 55
89 45
104 146
64 106
149 65
135 10
86 110
138 77
39 121
23 46
103 57
25 83
31 68
9 63
12 54
70 13
134 127
63 65
110 79
142 43
75 88
103 27
148 122
66 42
9 65
6 92
118 116
9 59
117 106
81 30
134 27
80 25
79 69
35 20
23 119
67 124
84 44
35 80
86 46
126 64
115 89
51 120
33 126
147 71
100 31
66 130
61 116
125 79
70 121
43 44
149 146
83 67
11 132
114 142
26 49
106 29
146 42
14 96
68 57
15 52
101 88
59 21
43 108
27 117
142 91
97 81
50 107
20 145
21 103
139 4
93 39
10 20
59 66
28 86
15 1
113 14
127 144
57 146
135 136
40 108
130 61
143 96
20 1
35 36
134 59
67 125
67 105
83 87
33 144
73 32
39 59
13 80
68 50
123 75
35 100
142 67
4 78
140 1
32 47
78 59
20 63
20 121
112 56
67 107
20 15
40 103
62 145
138 113
17 93
16 109
116 141
123 146
70 37
54 17
4 9
59 67
23 63
6 3
49 74
5 10
80 23
53 20
50 67
104 62
59 20
144 128
136 25
26 103
37 43
101 139
113 37
136 58
46 127
92 51
119 76
146 48
5 81
126 37
140 102
140 105
38 37
134 61
117 74
147 48
78 103
20 122
120 149
133 53
100 31
85 90
50 134
72 38
17 52
139 138
20 119
138 82
80 64
103 9
80 124
52 84
141 75
7 27
144 36
6 80
48 82
106 134
32 28
132 18
126 97
70 124
41 102
86 149
136 72
134 49
88 85
56 87
68 49
32 31
28 85
70 72
108 36
139 89
108 96
74 26
40 10
111 131
147 34
81 107
115 82
116 14
120 116
148 117
145 6
99 7
1 72
66 134
73 85
24 66
62 50
101 67
52 91
126 74
145 15
126 45
120 5
77 121
124 54
41 46
88 145
50 97
4 139
40 30
10 9
18 147
78 104
128 63
76 131
56 104
109 6
113 129
88 104
39 85
25 61
26 142
50 59
119 138
144 124
122 40
57 142
90 95
35 50
132 142
41 148
1 140
31 83
57 41
25 135
104 97
9 100
38 12
118 34
85 6
31 62
53 107
85 91
51 75
99 46
5 99
140 71
8 84
141 73
114 34
105 74
110 8
123 54
76 130
149 56
67 26
2 16
84 110
40 75
23 35
35 71
92 73
4 18
140 146
135 100
50 119
109 136
38 147
148 36
6 114
59 54
119 66
64 88
22 141
91 76
140 149
130 115
94 112
81 29
6 0
132 19
71 95
24 106
67 108
80 36
36 94
105 137
8 75
125 60
136 82
8 78
15 128
95 62
97 20
2 33
90 127
101 91
96 54
51 126
123 148
42 100
121 58
31 122
138 52
1 128
36 140
42 52
72 117
29 69
80 147
78 16
108 128
95 134
93 145
139 38
14 133
45 25
39 34
96 110
143 140
50 54
28 14
6 42
113 134
8 9
44 84
81 101
108 64
107 108
119 0
118 97
61 28
112 127
5 88
90 92
92 93
65 14
11 19
133 113
26 87
18 111
11 110
91 108
60 89
127 25
117 37
134 25
46 29
138 0
67 109
35 113
79 127
39 35
124 68
71 105
6 111
115 79
106 51
82 106
52 98
18 3
92 47
75 63
76 26
118 3
106 85
97 67
94 67
107 60
101 31
21 89
147 84
102 125
29 111
42 17
18 132
28 103
46 0
19 84
129 55
141 45
72 76
13 89
64 4
100 19
8 132
54 132
67 99
143 38
54 33
50 54
121 81
148 58
21 128
54 19
148 32
63 81
143 38
90 119
112 61
140 1
87 72
27 120
99 13
17 97
88 132
46 34
137 77
16 114
6 77
94 83
98 71
59 117
126 93
103 3
89 98
120 83
36 112
89 30
65 107
110 17
32 88
40 32
33 103
83 86
6 42
63 8
116 97
93 82
98 16
20 33
117 98
120 86
149 16
43 121
102 130
6 50
52 126
96 97
101 141
60 113
56 112
34 44
52 118
126 64
35 113
40 139
83 116
106 96
17 145
48 116
64 91
66 52
12 57
54 21
21 115
127 58
71 52
104 105
99 22
89 142
48 129
124 39
26 129
2 47
60 87
73 34
30 111
90 9
77 87
2 51
119 37
43 29
47 70
23 84
143 112
33 116
37 64
77 71
71 39
73 67
123 38
85 58
11 141
96 83
126 32
80 81
137 93
137 14
67 115
138 37
47 92
107 43
142 12
28 45
23 99
104 111
142 138
77 95
81 142
79 22
28 108
27 69
109 129
107 59
121 25
87 138
56 134
71 30
137 48
120 8
92 45
43 1
81 62
8 91
120 149
99 50
102 71
116 110
94 97
29 13
14 7
104 46
48 130
88 48
133 47
134 74
42 101
105 61
102 135
113 148
88 110
37 41
85 21
57 119
26 66
117 76
37 46
50 10
58 33
58 40
66 65
38 142
41 136
107 39
126 52
83 35
9 112
22 115
80 54
92 71
71 84
113 69
25 71
54 94
121 13
142 1
0 66
23 53
133 83
126 13
37 97
68 98
9 125
35 28
88 7
30 24
31 43
149 109
89 82
34 101
3 138
124 26
4 116
46 14
6 33
28 100
87 32
72 46
53 1
83 56
41 89
52 76
120 43
90 120
125 64
125 76
131 28
74 137
11 27
96 36
124 5
103 97
4 43
122 72
54 131
148 8
74 27
128 140
96 97
86 39
61 68
20 148
5 112
137 119
50 116
116 10
124 28
21 135
27 99
81 71
90 62
104 11
136 77
36 25
65 124
23 94
89 137
128 87
23 80
54 120
57 116
106 5
48 78
81 139
135 27
141 60
112 38
110 1
69 30
103 133
142 94
139 145
46 53
20 34
61 35
88 21
143 71
98 100
105 92
30 18
81 54
5 45
124 2
65 2
7 71
118 138
3 43
118 109
25 43
5 111
46 52
25 41
3 2
46 28
82 93
4 66
126 53
24 106
118 126
124 43
135 95
105 113
100 93
27 143
74 41
20 62
56 92
51 116
137 141
43 100
108 97
52 119
69 59
136 123
147 95
41 48
44 17
51 124
54 12
110 60
102 106
131 144
39 109
143 22
3 77
6 135
132 127
9 109
62 39
105 146
119 24
11 90
51 112
42 78
122 87
111 104
71 36
24 145
87 116
115 112
84 114
46 76
53 16
113 94
56 113
17 97
136 124
127 66
58 66
96 80
149 80
38 25
84 146
90 131
82 85
142 131
10 105
41 103
114 129
94 127
90 22
22 121
139 125
76 135
42 89
29 60
147 47
46 19
36 144
60 43
2 105
44 146
6 23
120 52
82 29
141 43
10 123
120 13
3 8
7 71
59 63
58 147
111 139
38 93
98 37
74 138
87 98
75 129
140 56
96 135
122 21
132 36
25 128
20 123
54 110
59 110
41 57
125 80
74 116
4 113
21 93
129 33
94 33
13 34
130 21
80 22
13 102
10 146
83 82
86 24
26 20
149 66
132 33
88 102
54 129
16 45
15 69
103 46
22 141
15 52
76 123
111 98
47 13
127 100
125 78
51 116
118 69
67 78
14 72
109 84
126 116
114 64
92 29
90 60
94 131
99 0
37 34
143 37
124 85
8 51
58 40
38 28
12 58
92 117
34 77
104 43
21 119
27 121
40 71
127 42
33 110
41 28
146 46
19 107
44 58
120 36
71 7
87 64
88 43
121 63
139 140
56 135
1 44
142 25
87 54
47 149
136 138
38 33
87 65
89 57
93 127
29 60
123 49
109 24
21 124
130 105
78 136
118 36
125 99
3 112
15 77
97 122
14 123
122 148
124 6
144 113
94 124
94 83
15 122
32 67
31 131
3 86
88 113
135 39
47 83
141 82
132 12
106 11
136 68
109 98
3 135
18 29
78 72
116 140
43 107
97 75
40 20
145 80
30 117
123 36
7 16
53 149
142 130
122 127
55 24
65 69
112 27
111 2
113 98
101 70
137 52
144 131
130 93
0 7
109 0
8 112
30 35
147 148
42 95
41 93
68 91
9 97
110 6
16 128
97 21
32 9
11 54
125 27
34 51
69 4
139 5
69 137
58 113
56 5
35 44
101 81
121 14
19 41
126 15
85 11
70 99
42 135
66 34
95 62
32 52
126 110
77 115
49 118
124 80
71 6
147 34
129 37
129 31
44 82
38 84
24 98
57 50
21 55
108 34
14 143
108 87
145 148
133 72
11 109
149 128
72 67
39 31
77 70
127 144
75 49
29 14
107 70
10 53
2 20
113 115
85 113
77 146
114 89
125 107
104 83
66 2
9 70
116 61
27 120
122 109
42 137
140 84
91 90
142 98
142 58
129 70
71 47
46 33
52 9
119 84
3 42
133 54
149 69
136 22
104 79
28 33
101 19
14 92
130 18
66 97
106 37
116 35
30 85
16 23
68 143
94 39
128 73
57 61
117 18
96 19
32 114
84 48
44 102
47 149
130 112
31 50
75 33
70 18
110 61
112 21
146 18
117 74
92 137
75 104
109 34
48 118
14 1
98 23
82 81
128 23
126 93
130 113
76 140
146 108
135 124
105 98
147 1
5 79
85 70
57 121
0 78
138 32
129 33
57 9
117 64
108 10
141 25
142 96
41 91
103 94
141 59
99 131
18 108
90 147
46 9
72 132
68 57
7 108
108 7
17 90
28 80
148 25
112 40
25 45
84 0
78 5
29 54
110 57
113 11
76 114
40 140
116 40
40 125
92 81
77 114
144 114
9 47
91 110
43 54
137 15
71 146
139 81
33 32
49 1
59 70
58 141
30 62
33 130
68 108
55 3
99 114
40 138
53 12
118 74
95 70
68 60
29 118
35 34
20 16
143 15
102 116
110 15
102 44
88 97
40 81
56 110
0 21
51 49
75 92
75 54
54 11
7 4
4 23
63 17
33 71
64 126
8 129
5 141
61 144
47 117
120 124
121 46
130 105
99 11
15 117
142 63
39 38
55 32
83 10
71 33
15 28
139 4
132 104
12 6
95 22
141 85
61 108
66 113
136 104
103 90
136 35
126 57
115 31
10 3
16 95
129 101
145 79
95 75
58 95
78 95
117 13
61 84
7 70
53 144
100 99
149 29
110 104
99 149
136 41
96 50
51 53
76 146
136 102
132 29
68 105
31 135
1 89
90 65
76 106
74 112
137 142
69 138
65 101
51 34
123 5
99 22
144 132
15 147
102 117
111 70
71 122
41 142
84 76
28 15
47 149
15 22
22 34
5 54
86 148
145 45
114 145
30 92
114 145
74 10
137 107
51 31
41 42
98 51
86 27
58 72
37 89
137 136
32 132
51 119
63 106
32 48
101 11
11 94
39 102
96 42
116 69
78 29
117 77
43 129
0 28
43 23
78 126
38 94
42 88
31 20
134 50
114 43
126 89
31 47
106 76
75 87
23 88
51 101
55 3
23 121
29 123
129 30
66 106
84 78
116 124
109 53
7 60
45 113
138 89
15 28
104 11
9 23
46 109
32 9
57 39
88 31
44 77
7 62
146 102
85 135
90 70
14 46
86 61
119 139
71 92
77 124
86 67
121 92
97 22
139 115
87 43
59 122
15 142
91 105
32 66
96 80
41 120
18 4
148 124
95 141
39 143
6 58
75 14
37 97
128 17
67 131
66 56
26 82
25 33
4 129
50 99
78 7
61 126
3 74
71 46
77 90
88 23
124 103
99 115
65 54
125 90
46 79
70 6
42 112
21 63
104 115
35 45
8 13
102 41
33 103
17 139
141 112
53 126
96 104
45 57
23 78
71 60
86 127
31 143
64 96
39 11
29 69
99 129
94 142
19 57
8 23
138 109
84 37
93 15
123 115
100 134
88 51
90 34
76 129
38 146
147 149
65 58
69 90
148 64
84 42
146 59
148 129
56 39
12 20
57 51
19 59
61 55
144 100
16 104
78 148
0 67
75 88
31 43
86 103
120 67
1 141
77 130
75 83
116 120
62 83
135 110
15 34
21 116
40 30
31 10
0 30
96 110
136 116
59 8
114 23
138 9
109 25
59 132
83 136
107 118
114 1
10 121
76 16
34 88
102 11
110 122
112 126
77 90
144 117
64 99
74 14
94 109
30 129
144 24
7 130
105 15
102 5
131 0
7 33
22 135
133 143
13 41
42 67
113 37
127 19
10 103
60 127
59 48
37 44
130 138
93 149
3 123
21 29
5 94
25 91
91 23
21 58
30 89
130 116
119 0
41 73
85 49
50 83
64 146
1 73
46 100
145 47
143 91
75 14
63 22
36 146
83 137
57 105
15 47
147 107
65 2
91 9
48 82
11 96
145 139
84 44
20 49
132 81
120 43
77 66
79 7
67 146
115 23
15 73
126 65
83 128
31 33
73 86
116 92
49 107
128 38
23 108
54 3
46 31
74 122
119 34
95 144
65 81
0 143
12 98
12 105
79 63
12 43
110 30
34 81
137 110
30 22
106 126
95 128
109 131
41 127
26 124
94 80
147 120
119 148
69 33
29 119
76 41
53 84
140 106
50 39
5 13
126 48
32 18
74 144
140 4
75 100
104 141
139 31
6 21
108 27
19 23
3 73
114 40
141 18
40 133
56 59
91 100
1 132
48 16
60 122
109 131
111 18
132 80
133 89
47 128
110 32
111 77
19 74
136 81
149 121
30 120
93 10
141 70
109 124
106 15
88 25
78 81
112 26
5 62
86 54
117 141
20 2
21 92
102 24
140 117
148 52
52 120
104 123
9 19
57 146
133 130
110 58
134 120
31 28
59 127
0 10
102 94
149 131
115 69
24 94
54 26
94 90
40 124
45 70
2 89
69 91
55 33
101 18
57 95
27 109
121 92
12 56
21 5
68 45
131 118
69 18
10 7
5 145
103 121
96 87
10 78
96 95
29 2
141 46
32 60
116 149
89 68
141 121
79 114
147 7
97 107
48 29
137 136
109 9
30 69
43 24
64 92
123 41
42 120
148 146
100 98
117 130
88 6
126 93
60 50
16 103
16 66
20 116
8 143
98 91
146 144
27 96
133 1
110 15
53 128
149 59
117 122
100 60
103 40
129 107
144 142
61 78
94 118
39 50
62 13
116 97
84 3
62 102
34 133
81 68
135 134
127 129
26 101
52 138
142 138
86 47
23 117
44 92
86 148
39 67
149 24
45 57
119 45
95 34
113 18
139 124
48 111
23 34
49 44
138 134
62 45
65 91
60 27
75 122
39 80
142 64
33 82
130 76
96 36
37 58
101 142
34 31
125 95
54 67
71 62
99 1
148 20
38 41
104 90
140 36
63 73
2 77
85 57
54 128
68 83
148 112
129 145
75 120
64 70
56 41
122 120
12 98
100 21
82 65
120 136
95 36
3 128
101 106
78 45
98 132
47 102
2 29
92 13
90 80
50 125
67 143
118 29
51 80
105 15
130 6
49 67
8 144
33 96
80 86
122 136
135 28
121 65
49 7
144 12
101 47
115 83
130 69
132 101
20 74
43 7
120 59
148 49
25 105
62 34
142 135
137 67
84 38
110 99
72 113
88 92
102 79
146 59
142 69
121 8
93 65
96 72
63 74
22 88
141 121
66 108
91 58
50 126
57 9
140 60
74 95
133 34
98 65
52 84
8 42
118 99
3 7
53 88
0 97
62 135
136 35
42 92
140 7
94 68
147 132
41 55
88 28
60 85
140 67
16 94
20 65
47 27
38 35
10 50
139 67
138 65
57 112
0 39
77 136
24 100
138 43
86 29
22 65
58 0
140 5
138 2
45 44
61 12
128 76
14 137
130 53
2 91
106 110
141 50
69 106
33 4
118 9
42 127
130 60
146 40
43 116
94 120
78 57
12 127
75 87
0 65
63 81
143 74
4 127
143 32
114 84
125 109
95 7
2 54
76 18
48 113
2 42
100 148
54 121
38 120
51 49
87 149
90 84
27 7
5 30
125 109
103 119
122 47
124 147
56 135
53 118
28 76
109 69
119 132
13 24
82 133
39 73
69 76
40 124
37 46
44 24
118 142
82 13
6 139
139 81
17 49
50 46
40 8
40 15
135 15
106 46
138 0
17 116
54 5
86 79
78 68
88 15
114 105
52 122
30 4
113 72
129 40
124 134
104 77
48 130
76 16
137 79
131 137
105 70
12 25
120 131
62 8
124 96
88 20
111 135
53 72
40 69
105 43
75 2
87 127
96 50
23 95
32 89
99 104
44 39
14 101
33 140
19 22
137 1
144 49
79 103
116 61
89 115
146 142
140 26
52 69
142 48
60 41
119 81
15 64
116 144
101 128
41 46
64 124
72 57
135 5
58 98
16 0
46 10
142 130
57 120
126 119
6 111
89 101
45 126
98 54
67 111
28 11
88 112
69 78
32 62
131 100
26 125
24 101
110 0
4 41
125 77
49 88
105 10
14 75
108 24
2 106
7 104
4 109
51 49
79 27
55 85
79 88
87 14
20 47
23 98
19 33
68 32
30 54
85 52
135 106
50 142
149 123
42 118
0 135
117 103
118 119
56 75
26 71
65 143
63 125
125 72
28 105
16 141
118 17
82 26
38 123
22 49
106 102
97 69
84 126
67 127
16 112
1 19
90 13
3 139
46 23
136 82
72 68
25 143
65 118
81 98
4 98
138 129
128 120
96 119
16 54
94 45
129 17
114 17
93 145
142 76
68 30
122 23
47 91
93 35
137 96
71 114
107 77
58 66
120 59
11 123
9 146
45 23
132 139
94 142
129 146
83 26
39 13
70 24
61 54
4 48
20 35
42 91
44 67
134 61
35 147
121 80
30 40
77 64
4 141
1 16
33 6
29 119
11 142
42 53
148 51
132 108
122 138
6 132
9 98
48 144
144 70
89 113
43 35
27 59
34 132
109 137
134 21
119 104
22 52
60 53
107 82
72 36
76 117
133 48
121 26
14 55
5 124
59 55
148 40
28 137
148 100
81 129
25 21
21 1
35 144
33 6
93 99
149 7
137 71
86 136
111 128
25 118
75 112
65 102
78 124
109 54
149 8
67 5
116 61
7 77
129 130
137 22
111 2
112 58
98 87
135 28
2 129
130 64
80 121
140 17
90 61
148 112
51 23
45 25
5 14
58 111
138 106
68 75
50 25
95 133
30 61
76 105
54 44
107 49
37 6
146 129
62 58
11 110
133 109
134 140
4 1
110 56
81 4
12 42
47 55
135 18
144 108
116 48
131 137
66 21
6 18
66 144
145 61
89 26
33 130
142 88
137 93
116 19
138 23
99 132
90 26
131 24
101 125
22 50
48 82
95 75
41 10
73 116
72 113
108 88
37 31
138 91
145 109
85 66
11 95
30 115
26 18
117 104
95 79
75 56
73 123
110 59
102 52
45 75
51 130
67 116
122 53
21 100
94 142
41 52
11 6
74 46
106 114
48 58
56 114
43 111
110 78
94 46
118 5
88 23
140 76
63 89
65 108
0 25
95 80
57 21
35 137
118 78
54 37
38 27
38 59
82 45
112 81
0 93
102 64
82 66
62 124
85 81
80 119
42 141
54 115
89 108
105 83
59 89
70 9
103 86
107 64
46 64
113 88
104 13
59 97
79 68
104 62
116 140
141 88
2 31
105 116
79 32
75 6
95 29
138 2
1 66
124 137
0 124
58 75
144 54
149 106
43 9
23 62
124 122
55 52
16 95
134 102
21 90
21 80
27 148
40 142
81 146
15 76
9 17
46 45
146 1
143 57
140 105
31 133
131 80
8 81
17 80
8 6
141 95
69 100
73 106
122 51
94 4
94 111
129 124
83 98
10 48
24 27
67 9
21 10
7 143
122 96
38 77
66 48
144 149
76 17
121 50
41 138
83 94
108 4
61 99
73 148
71 97
116 26
39 115
145 14
86 121
52 28
137 77
127 133
65 55
94 39
56 47
3 61
23 42
77 46
53 66
144 37
120 53
100 36
109 16
47 114
32 82
29 41
133 40
137 9
132 139
76 30
93 96
23 132
81 74
37 22
11 17
56 1
88 60
67 69
24 58
2 65
77 11
24 120
84 45
76 44
87 16
130 39
55 82
139 109
15 134
117 76
149 100
100 57
41 148
3 66
32 107
7 50
95 57
42 138
145 26
82 14
109 147
52 35
39 22
19 72
110 34
45 17
117 3
69 134
34 6
38 128
122 115
144 59
111 104
75 144
12 29
144 96
127 87
104 37
80 55
130 104
98 26
145 43
1 0
126 25
146 92
38 99
49 5
121 18
142 79
30 67
114 143
9 6
16 48
121 39
125 5
129 1
29 84
140 107
127 97
80 39
49 15
23 119
96 87
36 44
91 22
28 118
143 127
136 24
84 63
40 37
44 116
56 111
131 64
15 57
14 56
56 61
57 90
116 34
141 107
136 87
66 101
72 16
54 8
134 127
79 44
95 109
114 106
72 141
110 127
14 54
30 23
44 93
87 38
121 96
121 70
128 72
88 87
110 30
63 114
11 19
55 82
65 30
135 41
68 6
67 65
144 146
53 137
106 107
108 89
126 40
53 46
136 75
80 126
112 95
14 4
30 132
59 114
58 11
75 138
22 80
105 110
131 56
68 47
144 83
96 104
98 142
115 5
68 127
147 63
95 34
147 58
10 45
88 130
111 100
15 20
125 127
52 71
36 74
93 47
119 124
124 0
23 128
83 3
124 135
21 62
26 44
71 109
73 107
129 27
25 134
25 125
59 45
70 74
14 134
44 111
86 88
113 102
28 67
81 111
88 19
129 57
126 133
63 97
51 124
29 14
33 125
16 50
20 116
4 135
36 70
123 22
50 31
28 35
108 54
147 73
61 2
124 82
98 115
49 124
82 68
90 149
2 58
112 56
13 46
37 71
80 136
15 53
52 133
122 120
58 149
134 66
41 11
141 139
148 8
136 87
37 66
56 27
21 86
49 142
145 113
86 136
55 60
41 149
45 34
56 129
106 79
89 59
111 128
14 35
111 76
32 40
36 56
15 113
134 14
89 141
35 32
135 102
112 58
120 10
45 80
93 116
144 117
79 116
83 102
27 145
108 97
43 64
132 95
135 125
115 123
142 136
94 89
142 101
115 45
42 60
70 147
93 18
70 53
131 14
53 2
101 110
73 144
66 138
81 33
106 143
27 92
141 83
65 2
124 100
24 88
51 62
15 121
16 52
34 106
128 100
59 74
70 80
139 114
124 39
140 84
104 6
90 113
36 22
23 7
19 22
77 129
61 24
107 131
33 7
103 95
144 51
20 74
130 92
126 25
22 144
36 100
145 22
24 59
140 43
106 49
32 144
21 90
133 7
126 74
41 77
96 92
1 44
42 95
68 126
20 65
21 63
83 142
143 9
77 137
83 122
40 51
12 33
63 114
15 80
78 66
102 121
121 41
13 111
24 100
77 100
51 39
117 16
23 53
137 16
45 95
126 86
54 146
20 134
143 115
48 15
66 38
75 125
16 35
149 103
77 133
0 101
33 69
89 53
144 83
31 35
21 75
49 14
111 105
102 47
77 12
1 103
87 103
6 135
36 71
149 101
86 61
64 14
41 57
3 49
28 52
39 91
112 59
12 18
103 117
55 68
117 35
134 138
19 98
114 32
13 111
117 33
64 95
114 103
45 94
135 40
140 126
77 147
21 119
36 123
116 117
34 30
78 47
97 121
68 109
128 144
139 48
53 115
119 82
5 87
83 31
26 93
57 145
80 120
16 34
72 65
9 50
1 59
85 149
25 72
45 35
12 123
43 72
97 81
79 124
50 146
129 52
111 81
87 140
68 46
121 28
103 98
121 46
104 112
39 50
68 143
56 143
40 77
17 0
74 31
129 25
15 140
20 126
22 81
126 65
11 106
90 103
38 98
149 46
120 28
62 115
60 126
76 78
89 126
117 28
54 58
145 39
25 45
76 91
62 142
63 96
78 85
99 35
34 37
104 112
47 10
148 25
66 82
20 109
72 105
120 79
96 34
105 64
61 124
66 37
13 103
104 149
107 60
122 107
133 140
6 144
122 106
51 2
119 37
22 119
59 21
112 78
109 30
7 27
43 91
54 110
91 90
131 116
54 95
53 41
115 149
138 128
18 87
119 25
13 133
116 23
3 72
56 120
44 104
27 102
28 2
59 102
30 139
112 134
79 0
117 109
130 50
63 103
77 30
91 41
20 126
122 45
140 116
32 130
31 135
84 27
88 66
53 43
95 72
77 75
145 117
72 106
12 146
123 94
60 32
71 28
120 44
142 144
5 66
74 41
38 126
97 130
135 131
146 119
60 78
10 9
8 57
42 64
128 110
94 136
62 145
18 128
34 3
22 120
57 7
105 101
107 15
75 11
105 87
142 14
65 40
21 89
43 47
83 107
135 40
65 132
67 135
86 3
142 52
41 69
31 97
46 149
19 99
94 56
115 139
3 126
38 2
75 81
78 43
77 128
102 80
64 113
11 90
17 16
2 33
13 79
41 107
118 85
71 26
100 74
41 118
147 24
120 136
133 53
129 53
64 108
39 97
138 108
43 122
1 102
91 56
119 37
60 126
136 63
34 114
129 141
65 119
143 5
7 30
69 20
14 20
92 43
69 51
122 7
128 137
118 69
112 115
40 126
0 38
41 64
13 68
125 33
41 28
12 99
89 22
62 0
23 139
129 88
72 81
50 113
94 24
136 88
124 146
17 47
71 86
124 101
26 59
52 103
112 42
79 11
27 53
52 39
9 93
11 35
16 102
143 134
16 26
61 44
60 13
130 33
66 22
81 149
95 128
71 133
38 134
65 131
80 101
30 138
134 121
44 18
79 10
94 98
0 49
75 29
43 42
44 67
82 33
55 83
73 41
142 55
137 111
5 92
7 81
140 147
53 87
35 92
94 146
15 13
68 82
41 149
73 141
14 141
44 125
134 93
145 89
142 74
1 73
123 30
8 44
100 126
87 15
135 126
43 26
117 99
95 121
5 89
116 68
84 24
46 86
125 31
118 110
9 89
117 60
148 36
99 104
115 89
24 105
109 148
27 58
122 46
15 5
103 54
124 139
124 1
47 72
136 57
135 31
14 126
46 95
76 131
42 121
122 57
21 64
52 20
113 104
147 34
48 26
127 79
132 68
88 123
76 58
40 29
44 101
63 95
111 114
134 23
138 36
6 4
55 113
18 15
133 34
10 48
115 42
111 51
110 75
111 73
78 65
34 119
53 84
24 31
69 70
126 148
75 106
88 7
24 20
77 101
41 110
47 73
94 128
48 112
118 102
13 5
20 84
5 115
20 23
10 49
104 21
139 19
114 86
3 123
25 35
149 28
87 128
80 54
16 53
59 110
6 89
4 91
7 110
52 124
90 120
73 122
143 24
54 14
56 99
13 149
146 49
145 124
3 37
26 27
125 94
0 130
68 5
8 126
135 90
31 94
143 96
42 58
141 36
105 34
4 62
137 27
15 63
91 126
138 140
90 116
19 140
143 1
8 46
59 61
71 89
57 33
106 141
56 137
56 13
110 108
133 113
142 78
54 148
145 16
13 31
58 92
8 51
74 101
59 135
149 5
47 125
17 53
72 86
103 22
94 65
12 84
14 60
6 79
136 72
24 74
88 52
63 10
34 62
45 96
64 68
95 69
29 84
132 106
130 76
7 135
13 135
132 55
89 17
113 43
149 146
35 15
114 86
10 42
26 133
132 24
16 85
18 7
97 61
99 93
89 19
131 137
73 142
6 55
70 143
9 28
96 106
14 129
73 62
6 93
27 18
137 11
7 12
125 84
14 10
91 105
86 69
59 60
129 133
101 65
126 116
2 132
43 61
105 12
132 4
119 79
100 30
63 69
26 113
23 13
11 95
29 33
101 7
32 47
55 148
14 41
6 75
146 11
132 84
6 101
85 87
137 37
118 113
52 4
61 49
58 108
29 91
129 134
107 37
33 103
97 75
124 47
80 46
71 64
62 138
93 54
111 145
77 83
97 99
12 76
44 130
11 57
89 145
82 18
96 60
96 84
17 143
11 59
131 73
60 16
59 93
31 47
25 132
75 93
3 60
25 84
69 77
80 24
79 75
39 117
33 125
31 129
46 133
118 30
38 14
60 95
77 27
101 16
22 38
117 81
6 138
36 76
75 102
50 60
103 118
147 96
108 146
81 149
53 80
24 96
66 61
55 93
79 148
30 13
75 148
42 29
56 1
52 75
149 145
124 48
130 116
72 3
97 70
103 44
59 17
106 2
94 72
69 127
69 116
80 9
117 82
131 104
149 3
93 113
136 132
93 110
57 18
84 105
137 71
5 101
134 119
133 14
0 29
1 11
46 79
82 104
137 47
61 60
133 112
61 86
28 75
19 45
62 82
90 1
13 77
100 52
132 8
147 41
27 127
82 60
26 82
63 147
89 81
29 17
90 65
82 14
1 146
136 28
125 44
59 91
102 120
79 76
29 134
58 106
140 149
29 118
93 136
72 14
144 36
53 127
93 97
14 27
135 113
135 97
24 21
101 142
85 111
110 28
115 19
63 33
36 86
58 138
25 3
19 91
6 147
12 98
34 95
35 66
16 122
60 93
131 112
51 123
52 120
25 145
20 74
127 115
45 85
114 37
79 2
82 136
30 99
123 49
77 124
12 142
7 21
135 113
16 70
62 63
78 65
25 124
93 56
124 50
110 15
125 2
27 129
100 4
138 141
97 33
69 137
66 98
93 112
85 84
24 65
42 66
51 97
90 0
102 113
63 60
13 62
0 103
31 101
11 89
78 10
66 33
81 38
13 68
138 28
147 24
19 141
134 100
57 47
83 144
15 12
57 140
114 116
109 32
105 148
48 5
124 18
10 45
98 59
23 57
114 65
126 11
19 6
103 20
63 8
83 59
62 85
23 58
143 102
112 148
147 110
137 126
110 34
109 67
68 119
1 25
9 84
145 94
105 27
42 36
102 114
144 56
76 24
27 90
81 114
54 11
14 18
60 109
110 74
138 121
62 69
143 26
98 85
143 127
148 147
59 71
47 87
24 84
31 143
61 104
16 55
47 16
137 112
141 11
126 42
73 83
105 94
89 97
50 30
143 54
113 71
127 134
18 13
64 99
127 49
123 87
138 30
127 83
59 146
89 97
149 59
102 77
26 88
121 71
74 85
112 106
119 99
51 128
124 105
101 67
115 7
141 68
15 28
5 148
89 116
27 125
5 107
121 112
2 64
122 15
107 57
127 6
38 146
111 56
101 95
112 52
117 35
122 29
137 95
58 147
111 17
127 89
13 11
22 125
89 76
145 31
54 14
28 123
126 75
99 87
80 137
18 81
107 138
61 141
33 87
72 48
5 20
51 111
75 66
62 143
35 141
82 115
103 140
50 99
22 71
26 129
96 128
80 81
24 123
105 116
59 94
22 31
9 104
67 41
91 55
148 134
134 135
8 118
58 139
69 145
64 50
42 15
128 134
106 15
57 74
97 54
69 107
3 21
30 117
94 137
46 32
83 8
45 69
0 122
135 49
111 26
100 10
25 83
32 27
20 93
4 50
106 144
85 82
115 119
59 12
57 77
141 13
76 128
14 89
82 142
47 25
127 67
128 132
60 136
131 13
49 1
111 26
34 47
49 15
72 71
136 6
109 107
111 106
19 132
18 96
136 86
113 149
96 102
53 132
109 12
20 67
37 1
116 4
111 113
72 146
109 116
43 138
62 96
127 96
11 115
98 84
94 22
66 108
80 129
83 49
148 7
65 87
9 61
66 57
80 113
90 83
105 99
106 141
109 75
149 77
10 94
138 16
119 75
16 119
76 39
95 64
43 89
114 3
50 133
27 35
149 89
57 43
111 103
42 20
84 38
19 80
43 55
105 9
93 49
113 89
88 48
9 85
33 45
91 57
82 67
142 104
4 94
89 76
105 102
124 117
108 131
64 44
3 66
46 54
92 61
57 41
137 14
83 25
129 122
84 92
92 142
104 100
72 98
62 68
6 111
37 78
25 42
85 42
72 147
125 106
23 136
13 135
55 98
142 32
34 55
38 82
103 67
47 84
122 79
78 132
131 38
140 33
65 101
44 68
121 138
78 117
37 39
70 136
5 110
72 83
81 79
133 45
23 0
19 17
84 99
130 100
109 99
71 47
139 9
126 48
47 31
144 117
144 141
106 133
41 82
120 65
127 140
123 97
51 103
99 109
69 96
69 15
103 69
34 60
108 78
83 44
127 96
124 79
56 1
42 100
120 91
43 99
49 101
73 36
128 66
47 99
60 148
127 56
17 123
99 61
13 21
36 102
97 54
3 18
2 0
135 143
16 0
128 93
48 71
82 36
28 118
125 114
96 77
147 120
127 3
38 16
5 50
72 53
3 79
144 87
148 24
93 65
58 137
96 129
126 93
15 12
66 90
79 27
120 3
145 144
72 60
145 71
42 129
2 72
26 112
104 10
71 21
12 114
106 23
3 30
51 146
73 41
109 127
25 32
43 107
96 79
106 91
125 20
55 92
69 18
11 12
90 122
38 0
113 45
70 57
139 136
76 136
137 88
119 56
91 87
45 110
136 122
33 129
78 108
81 26
98 139
51 118
115 66
45 97
48 40
102 118
25 22
0 55
99 102
19 70
131 102
37 67
130 139
136 60
75 50
17 127
121 129
90 30
115 0
92 19
4 143
127 36
36 133
139 5
47 75
113 146
54 94
13 19
108 133
137 11
88 39
7 35
95 10
26 32
106 1
137 62
103 125
69 98
35 36
22 65
51 58
95 141
36 34
26 133
122 69
100 125
5 106
37 118
128 147
91 65
114 124
64 39
137 12
97 138
129 139
148 28
18 141
146 14
0 140
44 88
85 88
15 5
9 61
53 36
60 86
104 42
100 47
131 76
77 55
127 125
87 118
55 130
142 114
123 97
63 130
108 3
127 29
95 81
86 59
51 7
139 49
1 98
34 60
64 141
45 7
67 119
126 138
10 52
29 112
83 74
33 145
112 70
89 85
23 53
103 82
59 51
116 145
86 27
55 121
70 27
59 51
115 120
14 10
19 13
16 107
129 41
83 114
55 73
65 124
42 78
73 0
35 26
84 64
6 125
4 43
142 125
101 119
69 85
128 92
117 124
143 81
143 63
65 14
101 100
147 143
88 134
47 149
38 135
110 99
148 139
140 3
74 126
64 133
36 78
123 102
58 35
4 127
55 4
116 123
20 7
136 11
35 9
93 42
10 8
27 4
17 138
119 42
15 135
55 111
51 63
73 93
66 63
41 37
45 29
114 138
95 35
30 63
28 12
20 54
93 35
97 69
97 93
94 127
143 134
41 100
47 23
62 65
105 30
107 27
132 76
69 9
118 94
83 85
133 107
84 39
149 142
85 20
109 98
142 61
58 124
78 8
34 125
75 1
11 143
114 4
111 80
111 3
101 111
26 50
34 91
129 97
47 69
14 121
73 104
99 83
8 136
59 31
140 42
98 49
31 57
124 97
9 28
33 5
101 29
92 142
51 14
11 132
124 149
91 118
149 76
118 148
24 64
45 9
7 52
41 14
120 130
54 122
93 134
143 89
83 76
114 103
144 27
28 89
120 132
67 110
59 144
26 31
113 140
32 63
62 44
45 49
9 71
6 26
140 135
114 61
36 95
125 123
54 83
74 34
74 10
99 66
58 27
34 105
39 138
89 28
9 90
43 131
67 10
105 147
9 23
131 83
41 106
130 136
5 95
52 26
125 39
84 128
22 106
109 92
122 19
78 39
105 49
81 16
10 131
86 20
139 103
84 94
134 47
135 67
9 77
29 131
45 147
116 143
64 58
59 47
65 32
24 103
73 24
99 22
130 3
83 37
52 117
49 137
49 146
100 109
19 31
87 101
25 103
52 37
36 55
84 50
53 81
6 4
44 110
101 104
96 44
45 121
110 42
145 23
87 66
89 97
5 121
120 66
139 120
144 80
108 36
15 59
12 19
5 2
19 27
65 54
117 143
70 148
86 19
116 111
137 128
148 79
115 125
130 136
58 103
53 60
138 33
20 148
137 64
16 19
109 96
0 59
69 9
134 70
62 31
59 147
71 5
28 86
100 5
37 33
37 54
52 58
35 106
52 66
39 0
145 108
127 15
110 54
120 117
119 51
47 139
123 37
54 55
47 66
72 137
64 72
28 80
38 149
13 127
5 138
61 95
129 28
89 101
126 0
82 96
91 74
95 83
85 82
32 30
106 59
72 91
17 97
72 88
15 127
70 2
102 96
112 66
55 77
7 138
148 46
148 45
23 35
0 75
55 3
56 81
4 122
132 108
87 15
109 51
67 44
90 108
45 84
27 127
87 37
102 70
66 111
128 99
56 34
116 81
95 13
82 18
4 142
93 9
49 135
11 48
142 108
27 114
139 61
55 96
68 10
59 127
93 42
70 67
63 104
64 112
70 88
37 87
26 89
86 66
123 22
73 106
148 127
85 19
134 12
113 98
108 26
81 79
9 137
75 131
21 29
35 106
134 94
141 55
77 101
19 129
45 103
91 42
5 60
70 90
111 116
131 132
13 131
10 49
77 104
10 54
2 139
112 18
59 12
103 81
84 29
91 72
142 122
38 51
126 87
74 9
96 82
32 98
33 69
115 66
16 136
67 46
47 74
112 15
141 50
9 63
42 78
122 47
79 96
103 73
38 130
122 0
149 109
103 77
81 140
130 103
7 124
16 88
98 95
125 30
53 78
26 119
71 74
135 89
77 80
49 28
25 70
91 93
141 112
113 39
79 136
0 88
2 23
121 144
126 16
60 94
45 95
127 122
80 48
57 97
87 42
147 12
110 114
112 134
0 148
9 123
45 140
114 23
148 33
149 91
142 34
99 112
85 144
61 54
16 81
83 66
15 57
142 127
6 43
126 69
49 114
81 98
82 70
60 124
118 32
125 75
76 88
27 42
118 62
16 86
121 112
6 35
37 55
35 5
58 12
125 32
128 129
58 74
113 149
114 61
48 43
38 105
66 85
82 142
91 37
70 144
46 69
104 43
44 45
72 62
88 70
3 31
94 149
56 21
117 116
117 120
111 43
143 38
36 81
104 60
61 130
26 13
132 90
93 70
50 86
11 45
5 62
102 91
78 36
56 91
121 99
121 125
107 80
141 26
19 0
0 98
106 82
115 60
81 36
44 71
115 77
97 147
54 117
43 135
47 72
62 104
62 141
25 8
141 44
92 111
139 14
112 116
110 3
53 101
83 121
12 14
51 64
40 72
49 23
6 37
113 76
60 23
91 70
22 78
139 96
147 101
48 86
105 148
132 70
125 82
19 144
3 9
66 87
3 83
19 27
119 95
51 116
92 34
139 136
109 16
10 17
101 3
102 114
39 7
2 61
21 142
47 24
38 94
135 18
88 29
102 81
143 139
115 119
79 26
33 86
16 96
36 7
114 137
24 13
64 131
19 101
86 112
29 60
103 99
19 117
94 141
116 10
86 29
13 126
66 69
59 24
10 8
59 85
90 68
8 114
52 6
121 119
114 4
137 101
47 38
82 85
9 126
124 2
43 86
148 81
131 52
74 11
140 71
35 24
125 138
22 140
136 61
52 14
144 59
117 100
5 148
63 21
99 91
128 131
66 26
145 102
14 21
65 26
36 27
61 50
133 58
55 148
9 3
10 55
73 127
10 87
104 17
66 45
54 83
117 133
125 59
39 18
25 88
2 55
64 138
49 26
1 67
95 47
147 0
64 69
113 31
27 56
121 15
42 15
115 126
37 66
55 73
28 78
18 130
117 38
13 2
79 36
106 32
62 30
41 84
42 113
82 67
148 77
46 30
34 100
72 52
51 94
110 118
37 143
74 97
53 29
106 53
106 20
40 126
128 71
126 7
66 31
10 110
51 108
7 65
113 82
110 137
47 92
103 131
66 38
141 130
74 86
110 114
27 29
142 138
93 52
36 13
22 110
2 75
80 65
148 77
122 117
124 3
65 61
23 31
60 93
82 20
12 120
108 68
33 79
84 135
138 92
101 41
115 9
90 38
13 64
39 80
21 140
137 76
7 83
109 134
94 37
89 48
85 42
77 10
140 1
119 42
6 104
56 146
139 48
132 27
94 112
71 41
4 3
132 58
47 112
135 62
12 56
71 41
120 41
138 30
142 76
117 75
93 70
126 69
95 6
22 49
110 83
145 16
87 73
85 120
32 141
2 69
101 34
148 54
128 119
17 102
128 21
11 4
93 107
137 41
53 147
121 5
144 39
112 79
144 79
7 39
30 87
20 3
1 60
137 44
95 113
112 125
82 51
81 43
8 102
60 26
33 28
46 109
86 112
91 64
10 86
13 19
53 60
21 47
117 34
136 96
5 12
143 126
75 98
13 55
106 101
132 125
61 89
71 8
140 30
39 121
128 43
80 56
71 117
72 69
89 68
139 70
113 11
93 132
3 25
134 69
82 141
0 142
24 90
64 120
23 79
39 97
14 127
41 101
65 148
78 91
121 21
144 15
141 29
68 9
113 11
34 113
102 118
101 114
127 42
117 36
14 135
12 14
42 135
63 38
72 47
60 34
54 138
91 129
137 95
51 83
89 117
122 40
64 15
65 20
65 48
103 134
146 6
102 10
120 133
122 73
147 73
134 1
87 62
119 50
62 36
71 97
35 24
68 86
6 30
9 93
84 48
82 76
1 145
48 25
121 97
24 123
28 101
82 9
74 90
86 130
6 3
99 36
47 96
12 94
130 109
14 144
82 79
141 25
68 142
104 45
137 108
93 125
104 8
1 119
29 12
33 25
134 127
16 123
25 145
109 5
41 51
149 53
139 132
2 20
141 44
54 67
11 122
55 11
56 42
90 132
125 112
85 134
93 145
114 113
43 65
19 87
86 90
74 65
77 36
138 123
3 116
100 79
4 114
114 11
34 38
134 37
134 9
108 36
86 137
141 111
4 23
61 140
27 43
141 52
9 148
146 114
137 39
129 127
124 68
19 6
40 121
105 134
55 28
119 100
28 71
11 113
43 78
7 117
71 63
55 115
138 119
83 132
133 74
109 105
149 40
133 1
130 46
126 139
136 122
86 3
15 67
143 73
117 102
11 107
18 140
149 50
22 32
87 127
59 48
149 80
85 14
136 119
10 34
65 89
87 127
18 85
45 144
12 141
85 89
6 111
72 66
138 134
84 41
43 139
115 60
87 56
27 66
99 70
75 56
126 124
19 22
37 72
61 47
72 26
31 118
14 140
77 120
131 135
145 71
54 43
14 88
43 89
15 78
66 132
89 18
56 97
116 25
20 51
57 40
128 140
145 34
131 149
89 108
60 34
123 21
36 3
35 11
37 114
10 116
75 143
36 56
115 118
41 32
73 147
107 143
138 115
62 127
110 68
138 34
124 110
110 16
125 6
67 39
90 141
48 6
127 121
110 3
141 17
146 41
134 43
49 53
24 44
144 49
110 75
71 41
59 58
10 94
53 15
78 96
30 84
77 21
137 121
76 42
71 140
88 79
84 146
110 132
54 142
29 117
13 113
145 105
148 50
94 80
142 18
60 131
135 149
11 101
144 59
120 100
5 137
58 18
133 141
63 33
61 42
18 5
7 73
58 148
38 46
54 81
4 29
104 98
85 116
23 54
17 126
85 149
43 113
105 12
46 128
122 132
48 73
63 4
45 1
124 121
28 32
57 74
101 139
91 142
98 118
122 103
141 71
76 90
14 52
121 52
85 146
147 136
18 71
128 108
60 71
133 73
83 62
149 132
29 143
28 128
103 29
37 61
125 90
53 124
9 128
17 81
75 25
74 100
20 70
11 131
90 60
87 61
125 141
67 79
31 10
16 13
142 57
26 131
19 62
74 141
136 120
14 33
41 130
4 90
66 149
38 124
5 42
40 115
7 131
56 15
79 136
89 88
1 126
29 20
48 148
146 37
7 128
110 131
142 12
3 11
56 6
132 71
92 34
9 119
140 127
0 45
131 141
105 22
88 121
53 69
113 137
134 120
77 53
95 148
93 67
4 109
146 120
47 77
100 116
138 45
79 136
131 119
115 36
104 38
61 121
116 88
104 127
106 148
17 28
136 33
50 128
36 88
29 21
49 132
137 113
119 91
55 126
40 125
142 149
135 131
65 139
137 49
60 137
43 105
17 40
109 136
73 7
146 51
23 44
4 35
25 47
120 20
12 117
122 137
21 10
46 136
30 2
62 118
90 54
135 117
65 39
37 7
116 133
82 116
84 86
13 7
37 53
143 50
37 101
98 31
128 121
96 39
51 28
124 68
112 99
14 48
92 29
71 28
44 139
97 145
95 126
61 62
109 18
36 109
87 2
63 133
4 38
144 64
14 112
70 84
59 17
147 9
68 43
72 82
149 9
8 51
83 27
59 30
27 64
145 124
108 3
74 38
86 74
89 71
51 14
143 62
95 7
137 135
19 82
28 9
78 62
137 22
22 57
18 101
70 46
18 89
8 55
56 72
146 116
130 18
57 120
2 116
37 14
41 113
83 0
60 29
36 10
91 61
91 77
16 95
94 65
99 9
10 0
9 113
99 91
38 75
146 107
73 124
3 51
33 44
11 1
104 77
120 77
71 119
121 130
40 8
121 55
138 6
74 21
8 135
26 65
81 44
106 109
54 120
31 86
38 94
110 126
61 132
26 109
83 116
38 31
26 53
70 12
124 87
38 140
114 14
20 70
117 29
53 103
20 48
61 55
100 83
63 74
99 101
124 112
42 125
112 125
17 9
38 77
43 117
47 95
73 120
87 103
2 75
64 74
121 83
109 82
134 138
71 120
79 55
3 120
113 66
33 54
85 10
37 106
27 75
110 14
79 121
102 147
21 77
126 2
18 23
55 54
106 42
52 125
93 50
105 19
139 141
127 93
84 136
88 55
96 124
66 137
136 54
67 121
110 14
120 2
54 32
40 78
5 87
47 8
68 105
10 70
87 43
1 67
117 27
143 138
122 148
116 108
68 19
139 105
43 48
4 147
122 112
124 52
139 69
146 124
31 85
72 73
4 69
143 1
100 4
32 106
9 90
133 119
60 38
86 12
37 53
104 102
101 39
23 94
90 149
83 27
97 66
23 3
127 133
46 51
35 60
136 6
78 2
2 14
42 98
77 12
2 138
138 128
69 44
12 61
3 145
25 134
121 26
105 40
144 115
47 128
128 116
149 71
85 92
149 108
20 81
60 87
126 13
102 17
90 56
81 68
134 39
135 141
30 96
19 130
34 91
126 98
132 47
91 27
7 107
79 16
49 106
87 26
26 129
47 135
137 127
12 41
149 134
128 108
53 94
27 49
20 122
84 4
87 124
142 125
113 10
1 93
73 56
143 121
129 6
65 90
124 119
61 63
85 41
149 66
48 29
127 147
96 69
58 97
18 130
73 141
59 107
35 45
53 107
96 147
48 80
122 118
6 67
73 122
134 137
39 114
83 81
5 9
46 52
41 117
113 29
103 97
93 71
66 6
13 127
82 120
113 51
81 40
29 149
138 8
139 131
18 122
88 104
95 123
104 149
20 95
57 145
34 39
36 17
84 119
34 86
32 59
139 28
108 82
149 127
88 20
55 132
20 49
67 100
97 16
77 63
70 99
49 93
53 49
52 77
83 27
27 79
85 8
141 3
113 124
84 123
59 42
97 48
17 28
3 126
65 20
128 105
1 30
16 74
41 119
0 136
5 104
52 97
77 84
137 79
122 81
1 21
42 120
84 143
18 128
17 86
145 100
54 121
144 24
145 136
68 1
148 132
3 54
122 52
131 106
145 113
90 63
15 139
15 119
57 127
147 105
2 42
148 96
56 20
88 126
82 76
88 22
107 92
52 56
43 49
87 102
58 113
10 81
54 143
59 146
132 137
53 66
93 70
24 84
27 147
68 124
65 59
6 22
49 117
87 114
98 132
62 89
98 26
64 14
18 68
85 119
51 123
140 77
140 146
126 131
3 137
95 67
89 95
40 10
92 125
107 38
55 106
60 38
6 123
96 56
59 110
7 76
120 102
101 28
149 124
109 4
12 48
114 97
34 24
96 72
96 139
138 123
46 24
31 41
44 141
64 27
149 71
40 15
125 40
64 14
102 1
117 34
98 133
27 117
115 55
94 72
121 79
4 10
91 7
36 66
73 92
74 130
100 58
114 130
92 52
135 119
87 139
122 140
64 68
92 97
2 149
4 124
10 107
122 138
0 46
55 103
81 115
108 105
11 0
84 97
84 73
89 48
5 110
25 75
78 143
130 3
76 23
131 58
111 148
52 8
32 124
30 6
23 108
106 49
91 96
40 83
73 84
89 16
34 20
99 32
63 68
127 95
20 90
69 73
73 104
131 108
26 97
74 38
44 116
26 100
43 18
28 139
25 99
32 96
136 118
106 52
146 112
2 43
4 76
30 58
91 80
110 72
62 106
18 97
84 48
82 78
119 126
97 147
139 95
60 85
80 15
24 64
147 42
22 94
57 98
139 48
83 144
135 31
87 75
54 18
4 106
64 132
53 117
149 18
41 15
122 74
5 128
113 92
97 14
98 127
56 35
34 43
62 123
36 45
46 112
107 45
143 99
23 33
28 16
2 121
55 87
37 34
140 49
149 2
46 24
146 26
30 137
85 113
135 73
44 86
23 132
13 123
54 145
13 99
59 46
77 130
118 57
28 44
76 118
36 74
73 2
66 124
92 35
102 112
88 16
138 132
129 15
88 148
43 91
143 12
113 31
7 40
54 73
148 113
72 33
27 136
52 80
47 69
97 104
33 2
58 22
60 56
136 77
14 57
29 141
137 90
124 33
48 116
45 123
2 125
125 92
63 129
6 39
79 7
58 122
15 78
97 29
94 101
30 51
56 26
3 73
86 75
63 114
34 99
92 48
51 126
13 110
128 10
140 87
116 6
45 64
100 36
35 138
2 18
136 35
64 108
47 84
91 30
93 3
68 70
134 139
138 130
16 42
5 10
83 63
96 84
82 3
77 43
18 112
149 87
40 76
20 116
30 147
27 4
45 148
25 71
71 50
6 82
124 118
19 27
26 47
144 116
36 118
123 102
122 131
27 2
113 16
88 107
76 89
54 8
91 123
18 51
56 146
96 75
20 12
48 141
123 29
96 91
128 30
31 39
42 139
22 90
89 101
6 139
105 9
120 119
33 142
147 54
51 1
87 94
121 10
148 103
94 140
95 70
101 148
14 49
100 52
114 56
139 129
57 93
144 46
124 121
78 45
1 92
31 37
95 148
78 115
42 11
23 78
32 106
72 134
128 129
82 75
52 133
121 37
60 73
33 82
51 12
90 110
39 116
68 18
113 82
40 65
107 45
10 60
2 5
1 88
2 77
36 15
133 131
66 21
6 80
23 122
38 80
14 24
118 30
53 50
23 149
4 119
94 100
137 99
46 134
141 107
101 14
140 28
120 37
37 23
0 80
95 142
108 141
4 87
14 125
149 104
79 71
52 101
110 54
109 88
12 85
80 73
113 132
47 104
57 76
116 125
144 41
14 136
84 66
108 10
47 146
124 46
32 38
67 13
118 3
124 141
0 63
98 103
7 97
106 101
71 28
47 23
0 12
31 8
38 77
54 125
119 62
89 26
144 75
53 112
117 30
107 125
55 6
30 141
119 34
37 85
43 27
2 15
95 50
125 116
27 132
58 73
25 30
8 122
44 41
79 7
36 48
10 78
78 117
41 148
64 102
121 72
62 15
8 93
12 120
124 22
133 51
6 120
96 143
25 7
102 11
33 35
59 10
78 135
3 34
19 42
137 25
8 56
44 0
99 13
114 81
132 120
18 75
65 59
125 111
111 33
61 3
24 130
132 87
133 96
22 4
122 19
114 18
31 84
3 47
74 73
21 115
44 143
119 142
146 1
144 3
110 138
130 73
145 96
98 131
59 101
102 91
26 60
124 131
102 133
70 55
18 17
79 54
92 131
1 51
42 31
21 20
136 58
12 149
125 124
149 138
12 8
29 23
84 15
134 126
34 0
35 115
137 67
26 69
96 45
71 146
125 121
59 144
119 117
149 31
81 145
5 19
97 149
28 63
106 19
2 128
105 145
21 19
97 21
145 148
104 115
9 138
15 134
44 70
14 13
64 147
13 115
8 119
79 9
10 79
28 109
115 17
111 45
82 42
82 123
137 139
9 108
11 105
82 81
11 70
31 12
92 121
28 2
102 105
55 21
89 91
78 99
28 122
4 74
89 103
145 140
123 22
11 98
58 118
141 108
47 12
113 128
74 120
97 61
60 7
34 95
115 53
96 108
46 131
99 37
120 10
107 82
9 56
108 125
97 25
18 37
26 90
86 94
45 30
39 45
139 77
117 136
131 42
47 144
83 147
141 11
97 56
0 142
92 148
34 125
102 29
43 120
24 140
2 89
47 63
130 75
130 108
11 78
29 53
113 87
134 48
62 46
78 65
38 63
14 19
93 129
117 11
66 47
61 79
24 48
45 7
17 9
75 42
87 144
93 122
107 95
128 11
125 52
37 3
1 6
16 140
3 104
28 123
73 117
106 67
11 12
61 129
36 81
125 29
29 83
81 53
26 21
66 136
21 80
51 140
100 41
83 54
54 112
75 132
55 6
135 53
23 35
46 106
68 116
34 149
4 10
44 37
8 108
82 58
79 105
87 38
85 103
46 21
110 146
92 20
80 114
81 13
51 56
103 69
74 119
74 34
23 123
24 106
109 97
47 49
20 138
74 130
80 31
91 60
85 115
105 90
17 83
144 107
112 51
101 135
141 80
68 24
55 132
56 17
31 119
90 32
71 111
11 98
139 74
149 59
98 131
144 127
32 16
119 48
59 8
13 58
97 39
43 74
84 142
135 16
19 2
82 4
69 39
140 118
143 126
41 97
31 8
66 137
17 73
83 41
111 130
102 119
23 11
119 66
30 127
33 14
145 141
112 63
4 133
13 127
145 34
65 76
71 72
13 105
36 135
79 84
73 118
131 57
66 149
50 62
37 45
8 100
84 103
21 48
134 114
124 89
75 85
81 132
7 67
16 68
116 48
126 26
48 60
66 27
146 143
84 3
77 64
101 105
12 78
68 11
6 68
117 29
113 96
68 101
125 46
59 146
113 59
133 76
102 59
45 133
12 38
110 52
122 103
120 37
38 91
89 79
35 69
8 40
9 35
84 15
112 94
89 13
143 37
78 31
87 0
24 87
55 77
7 123
141 69
94 143
42 101
13 94
148 69
73 54
11 126
104 78
116 115
50 124
75 53
144 67
88 59
120 88
31 13
57 64
141 104
102 74
12 10
27 84
112 82
110 142
112 131
88 15
108 123
136 2
81 46
49 59
93 128
133 7
63 142
112 38
104 11
109 95
94 107
21 26
121 78
47 89
107 48
33 91
39 20
15 105
62 130
48 24
56 50
148 130
99 5
64 102
93 0
48 136
104 77
101 100
1 24
3 65
117 109
130 1
83 0
134 106
59 124
123 69
41 40
58 109
45 121
100 63
120 31
116 109
4 2
80 110
103 3
22 7
16 85
81 40
62 103
100 0
46 92
58 70
103 78
125 146
104 30
42 51
27 107
127 124
47 134
26 78
67 127
137 45
144 110
93 128
10 77
49 58
19 140
56 18
105 145
100 103
135 149
76 141
113 16
59 98
74 70
61 40
14 36
23 100
119 16
107 29
134 103
51 65
87 32
4 58
59 94
69 43
26 84
18 46
84 46
6 29
98 52
109 24
46 139
78 140
101 50
81 7
53 111
44 134
57 30
63 81
41 111
71 90
81 56
9 46
115 51
91 81
84 66
145 64
120 35
1 27
56 9
104 131
64 73
32 7
69 52
106 118
35 91
125 41
31 54
74 79
138 53
43 31
132 75
77 0
147 79
48 105
120 84
72 81
0 147
69 49
96 65
123 63
19 8
89 59
96 91
32 131
24 42
51 87
12 111
59 21
64 122
40 146
15 51
78 98
19 60
102 118
60 149
72 12
115 2
121 68
76 74
61 92
72 87
41 50
41 20
3 142
1 71
123 102
19 106
13 94
67 56
28 94
60 143
4 62
10 15
132 70
74 13
52 36
8 75
47 3
95 140
117 30
91 120
88 116
64 137
1 27
61 99
122 110
45 73
67 139
145 10
142 104
56 63
0 34
37 7
78 62
123 147
57 145
139 2
142 122
57 67
49 126
36 48
126 19
80 126
132 121
14 75
24 127
55 120
21 22
108 47
18 34
12 97
34 98
106 66
65 92
8 143
93 78
17 135
89 41
51 87
1 27
80 48
139 40
28 82
49 31
40 136
108 74
58 34
121 122
147 139
24 106
133 45
8 108
85 14
97 39
121 43
24 38
5 124
122 127
106 133
8 89
47 89
70 69
5 60
0 77
93 97
117 90
91 65
15 64
114 125
37 1
35 87
2 51
149 54
45 95
58 146
91 36
147 86
133 96
24 25
149 122
82 55
102 97
90 1
64 100
46 66
103 136
79 126
7 18
99 144
75 127
104 116
5 51
12 105
20 38
14 33
28 81
0 77
130 87
60 2
32 118
123 91
70 9
108 49
115 94
3 133
101 72
49 143
112 41
81 34
147 148
18 32
102 40
81 98
94 10
22 50
95 133
122 133
32 139
35 33
75 26
25 6
100 133
66 136
134 8
76 85
21 123
81 8
45 117
96 66
2 5
13 29
35 104
113 19
108 102
69 147
109 9
45 99
111 3
111 100
123 43
78 39
120 142
44 5
41 90
135 20
28 122
119 17
23 4
138 72
30 149
97 147
50 94
27 20
69 142
10 123
99 49
39 43
119 45
128 90
65 72
131 76
29 134
53 49
136 94
144 72
87 108
7 39
7 112
66 136
75 62
124 81
95 83
147 37
46 120
96 56
137 142
106 27
21 6
17 83
67 113
33 72
7 128
111 10
59 58
142 116
37 88
47 107
114 110
58 143
34 101
26 78
6 23
99 129
11 64
49 3
82 19
35 2
89 37
102 18
146 102
77 31
8 139
95 141
76 143
1 2
66 118
10 11
102 69
143 131
6 147
139 58
57 129
46 121
14 22
128 62
50 12
7 88
73 95
54 39
8 100
18 21
1 29
36 34
115 84
98 129
23 68
11 46
131 89
86 39
69 41
56 138
25 74
79 56
35 9
81 52
110 16
90 63
96 94
91 70
41 101
67 34
62 32
146 96
138 24
44 116
43 134
89 44
122 41
54 7
46 66
12 38
41 49
26 24
77 56
42 79
43 95
104 126
148 47
93 118
104 14
125 141
71 120
26 3
133 146
61 63
36 128
81 57
116 146
124 143
67 36
127 53
58 35
68 36
136 2
133 84
59 40
2 39
4 149
69 44
28 97
45 53
84 75
81 19
133 36
21 55
7 3
114 38
139 50
132 149
24 106
137 107
92 17
92 142
44 82
62 86
99 47
138 10
41 47
145 71
97 134
90 63
84 16
147 87
36 102
79 78
52 122
123 145
32 119
104 21
55 23
117 94
125 47
32 25
69 84
18 6
139 56
124 48
144 82
23 57
117 121
116 36
46 36
95 12
23 36
145 43
46 117
34 89
44 35
105 64
64 73
148 91
146 10
47 100
5 127
114 42
36 29
30 105
111 24
106 77
83 92
3 46
119 56
107 101
132 35
34 114
83 105
53 2
143 42
106 7
34 103
16 83
89 8
123 17
43 55
4 54
125 10
102 20
126 147
101 61
107 20
45 30
69 55
14 58
146 52
51 13
133 132
39 12
147 51
4 61
121 75
33 140
143 46
148 127
116 138
146 94
77 85
56 43
116 76
61 120
24 129
146 96
47 142
127 141
146 129
149 28
67 113
57 112
37 15
148 112
90 136
10 117
89 56
93 52
105 132
23 17
69 141
80 72
126 146
28 77
16 130
128 93
101 111
43 16
15 127
72 124
67 68
88 129
122 18
133 5
97 84
78 61
71 10
21 95
125 133
17 104
101 118
1 13
17 47
21 43
102 112
85 136
21 36
129 123
81 128
71 55
36 4
6 116
8 72
8 41
98 123
15 80
69 134
80 50
113 143
100 31
141 3
97 88
66 4
44 46
130 137
21 121
41 103
115 95
22 146
136 88
14 47
147 53
77 34
51 99
15 141
54 144
100 93
62 107
21 122
145 24
33 20
30 134
145 71
33 141
69 19
43 128
143 99
116 125
123 105
18 57
36 138
36 5
148 48
2 97
14 93
94 61
108 17
88 63
10 56
26 14
75 2
28 22
75 127
83 51
121 22
66 8
82 129
112 109
92 121
0 135
77 114
29 136
109 90
42 141
143 13
58 148
74 105
62 67
130 109
145 109
94 3
99 36
6 79
24 65
23 61
85 25
16 22
136 42
69 75
139 62
23 87
57 113
16 67
67 50
35 130
81 0
143 71
58 134
139 36
11 138
42 140
48 139
107 114
146 73
13 89
42 49
5 121
66 67
125 126
48 84
52 29
138 90
45 27
39 1
74 123
85 130
49 48
89 69
149 147
102 71
137 100
103 145
29 149
88 106
3 56
122 36
50 106
62 3
51 0
42 57
41 135
5 146
88 11
144 117
119 74
122 88
56 146
65 29
98 42
59 128
133 144
80 139
142 30
94 36
61 22
15 108
140 125
113 38
29 55
4 56
118 114
81 89
2 43
9 80
15 135
37 6
47 114
45 9
128 77
115 41
75 39
138 81
52 55
3 34
26 50
76 67
96 66
143 21
84 42
23 78
4 72
102 3
90 36
137 92
27 119
53 36
90 80
126 101
93 98
16 143
148 105
96 87
51 92
19 46
96 129
42 18
124 46
54 121
5 27
6 88
66 26
14 82
56 44
128 9
67 40
59 116
73 75
77 62
30 75
112 91
145 121
44 41
113 95
110 101
97 106
92 146
88 63
7 20
37 35
59 137
8 21
37 69
12 24
125 149
9 42
62 64
85 107
145 148
131 9
130 16
101 18
46 20
123 79
17 114
109 133
116 109
81 30
75 121
35 76
14 121
116 68
22 17
30 135
77 23
11 59
41 94
60 79
120 76
64 130
147 78
28 142
58 87
7 89
37 102
108 22
107 145
133 42
137 118
8 95
70 85
148 83
125 1
99 24
68 45
39 42
132 126
147 1
57 81
15 119
125 64
95 14
32 104
16 45
58 61
13 107
62 69
37 147
82 15
98 25
119 8
12 19
36 88
50 136
68 96
39 92
78 40
124 78
17 60
144 97
79 7
27 25
138 16
141 131
98 72
110 79
83 35
100 7
45 56
5 30
148 130
110 143
122 82
10 74
103 51
40 37
51 48
17 71
5 36
29 130
37 124
1 85
85 32
92 31
136 90
75 111
97 57
32 28
6 125
34 108
0 5
0 103
99 149
38 92
125 62
39 88
127 119
94 41
93 27
30 95
10 79
73 88
66 138
43 138
135 94
137 125
44 50
103 45
55 99
30 7
20 72
143 96
105 36
70 111
144 77
62 89
104 63
64 34
87 113
64 65
142 102
17 95
105 131
34 76
4 20
103 49
72 101
143 76
1 62
109 63
40 128
14 60
19 6
84 45
68 8
140 55
12 11
83 32
94 58
23 119
110 50
43 28
59 43
90 64
124 52
21 83
51 73
131 87
59 135
124 91
13 109
121 74
29 35
78 146
29 116
24 9
2 108
99 107
134 61
139 53
35 14
1 32
32 10
142 46
8 93
89 137
52 128
91 10
40 33
56 36
147 118
18 28
14 28
22 9
38 53
131 45
51 83
0 113
73 72
113 50
98 138
77 39
105 37
122 145
135 58
60 21
84 20
68 12
129 127
79 59
107 32
118 144
119 42
140 15
83 65
67 110
88 48
25 75
104 113
37 64
89 95
99 0
140 26
112 131
132 109
48 56
145 102
108 51
34 143
4 38
113 4
51 111
141 142
24 66
95 112
91 37
110 12
6 57
113 117
27 40
32 37
17 72
105 10
51 45
44 19
31 123
120 41
43 98
11 68
135 125
3 55
24 126
28 98
43 42
106 22
49 18
34 124
72 82
113 4
47 77
47 121
70 59
105 62
94 37
106 7
8 15
93 78
82 124
105 38
86 102
13 18
70 124
141 79
103 109
69 66
29 49
75 56
39 127
38 60
30 51
123 134
73 4
10 125
71 40
85 129
79 31
43 146
148 104
24 32
125 17
127 112
96 139
49 135
113 12
19 2
50 21
92 85
17 144
23 149
127 115
35 99
36 58
59 51
16 131
5 132
117 7
65 149
44 143
34 71
38 16
35 88
114 38
129 105
54 90
3 33
22 41
0 145
89 40
0 43
11 102
72 61
122 70
56 118
80 83
104 17
141 93
74 137
76 128
50 121
75 114
66 26
18 83
125 90
115 73
4 15
23 3
48 43
145 68
55 92
73 143
58 86
141 69
9 2
149 36
90 65
76 77
37 31
115 71
100 147
36 48
118 4
141 51
18 89
109 63
107 32
101 15
133 59
144 1
147 141
56 83
91 39
124 45
47 135
85 25
42 57
131 95
27 4
51 132
125 123
7 33
123 102
55 75
68 104
131 49
5 113
32 26
119 78
108 128
133 13
40 17
96 38
60 71
54 42
147 54
20 9
66 149
62 44
134 66
95 37
109 5
90 50
127 38
123 14
114 135
88 141
11 51
125 149
1 116
29 60
119 126
60 4
9 71
114 142
129 4
105 67
73 121
140 66
52 106
127 3
108 91
66 42
23 91
141 89
140 103
51 141
12 106
68 59
30 110
46 62
116 44
49 97
92 99
25 133
3 63
110 83
13 56
24 35
45 145
97 7
12 49
102 7
76 80
46 144
55 63
43 95
58 31
37 73
26 100
68 84
38 4
130 100
110 94
2 52
131 19
141 76
74 86
13 88
124 79
89 57
8 108
75 101
126 90
34 23
10 78
23 33
58 61
141 0
146 58
140 80
28 71
97 38
19 32
132 89
68 74
29 133
139 40
29 42
92 78
100 38
73 149
84 55
18 20
87 58
93 46
17 132
1 47
115 51
80 57
96 19
8 30
25 48
20 3
17 88
128 95
57 10
27 17
52 70
13 81
144 130
10 35
84 62
32 98
117 132
107 20
142 44
118 122
83 60
2 133
1 119
65 32
28 24
120 102
38 138
75 40
93 2
20 111
131 138
74 19
83 8
55 79
14 88
138 16
43 61
107 93
43 35
143 69
44 122
92 32
11 111
67 63
146 111
1 61
84 140
70 28
20 130
70 60
147 47
140 21
121 72
0 144
94 76
51 42
139 53
31 121
61 136
83 54
145 54
104 11
108 139
6 148
114 91
99 58
26 18
119 11
47 129
109 17
63 67
139 103
88 4
48 139
113 120
91 59
119 143
130 132
108 67
7 78
149 100
143 4
33 69
108 133
140 77
120 90
86 102
59 37
135 17
62 111
11 33
56 130
123 31
61 25
130 64
114 135
94 77
34 82
142 55
133 12
94 143
53 42
103 30
146 81
118 102
130 39
70 13
137 38
51 118
115 59
77 133
1 95
13 32
112 102
86 5
2 117
124 123
54 80
54 107
52 96
112 110
12 56
78 124
146 113
9 2
119 7
112 133
133 92
42 8
74 20
64 138
121 34
117 94
1 86
143 8
146 90
19 26
48 23
115 29
131 58
6 40
67 125
0 26
24 51
52 108
31 112
34 118
95 56
20 132
35 108
25 81
111 115
18 138
5 125
53 54
65 15
140 145
140 103
99 86
99 43
46 7
77 118
99 50
110 38
100 130
146 52
128 4
87 74
117 6
128 109
37 93
111 45
49 0
31 7
64 71
42 1
56 35
0 142
51 56
2 13
68 122
148 95
71 114
102 79
26 22
138 23
44 36
44 28
95 62
24 30
81 107
44 74
115 144
74 118
63 82
39 144
70 77
54 60
86 89
12 83
77 122
72 130
26 141
103 30
115 66
45 9
103 77
103 85
58 22
4 44
22 1
127 92
67 51
93 32
106 53
149 93
68 39
35 16
73 137
20 116
5 136
73 25
16 91
104 116
121 84
76 39
94 13
50 106
97 99
46 81
115 68
111 32
60 81
47 10
110 1
22 141
106 49
105 148
99 27
58 9
143 116
74 49
116 87
39 5
65 27
51 119
145 96
140 100
118 21
3 100
72 86
136 94
117 65
34 105
71 98
48 61
85 33
8 26
37 59
32 145
48 45
120 104
17 10
24 142
121 144
70 17
93 29
125 78
40 119
91 5
116 69
12 80
48 89
140 114
80 122
109 7
90 60
141 143
130 117
76 130
82 4
52 35
133 62
70 128
103 97
108 70
30 83
69 147
53 139
95 26
15 0
146 128
8 42
70 29
23 80
82 145
4 91
72 28
55 80
81 125
11 43
46 6
138 50
48 114
6 11
139 141
89 98
126 55
13 64
21 116
25 77
88 42
75 104
40 49
102 108
67 80
65 34
58 75
95 133
11 92
52 15
71 17
59 134
124 3
82 14
36 123
119 7
27 37
72 20
84 89
136 105
16 99
94 38
113 18
24 10
48 1
90 104
57 71
116 149
18 113
129 49
135 66
39 65
114 146
102 26
37 13
87 45
22 90
94 79
25 122
63 98
78 3
149 136
41 58
104 28
25 149
42 138
138 131
45 142
31 42
141 46
75 43
65 26
116 145
99 0
146 149
5 115
12 118
135 88
52 107
41 130
49 23
73 5
121 98
147 128
55 101
32 49
34 39
72 67
70 136
102 137
82 106
93 89
28 103
88 103
132 129
144 63
119 49
54 36
72 35
31 23
8 105
92 35
3 51
63 20
74 8
128 53
117 15
139 138
145 122
115 139
35 126
147 129
120 129
54 30
126 26
30 107
120 88
135 70
95 119
32 50
9 126
1 4
107 28
57 83
87 122
30 123
56 130
5 122
18 8
75 35
23 119
14 20
138 52
43 115
121 34
100 119
59 76
16 115
113 114
71 87
111 108
127 47
8 94
48 77
74 50
78 54
144 114
140 78
38 143
37 2
39 65
105 29
146 71
88 107
113 92
60 147
15 6
59 16
34 21
66 89
12 1
42 108
41 24
23 80
32 111
139 64
46 79
101 104
105 14
36 141
73 54
117 140
101 123
11 51
68 3
114 50
101 30
0 33
130 116
95 122
104 31
88 57
2 79
147 102
90 60
119 89
128 97
139 113
119 84
146 53
28 43
69 99
116 6
54 22
52 120
89 113
110 124
24 105
109 70
46 77
74 12
11 140
6 22
49 104
116 70
134 72
72 139
59 66
41 53
139 66
59 123
95 36
91 12
10 110
117 2
92 4
9 10
55 34
138 55
107 51
44 135
64 118
70 77
142 54
109 13
29 5
9 144
35 36
41 66
131 2
97 72
85 70
126 115
115 56
29 146
20 66
36 60
18 116
104 85
68 41
38 28
63 102
46 65
27 13
102 55
68 44
43 88
51 115
123 68
65 24
16 12
87 40
108 29
143 59
58 115
11 82
90 71
56 98
33 108
59 108
14 136
24 33
36 40
70 11
76 46
131 141
81 63
59 22
129 65
57 46
96 42
108 105
47 140
117 131
120 0
97 125
0 100
48 97
79 147
53 34
106 149
100 139
7 86
136 104
146 89
124 64
139 141
23 43
44 17
93 51
41 28
142 17
15 80
40 57
100 8
111 94
65 79
27 149
92 65
146 1
3 107
121 5
100 119
4 33
129 56
100 38
43 84
140 18
41 135
136 66
3 107
117 15
107 148
29 37
110 71
7 17
110 6
52 44
51 92
124 145
78 37
148 117
148 57
113 134
138 140
67 107
61 82
65 18
89 40
5 18
4 22
14 90
45 78
75 103
118 133
83 73
45 133
48 7
96 81
139 122
134 23
136 88
115 91
21 97
48 54
29 55
135 28
62 45
42 83
48 62
72 128
10 54
34 26
102 122
4 41
141 143
106 97
66 78
73 118
144 1
121 1
1 117
108 11
114 122
120 20
111 71
132 47
34 141
81 45
58 5
44 142
58 135
19 34
60 95
78 10
14 111
13 108
28 51
50 90
27 31
69 84
136 34
91 62
20 43
145 100
103 34
68 77
59 65
110 97
28 143
126 74
127 148
101 30
20 11
93 17
23 114
99 132
95 118
47 42
148 53
115 5
136 19
135 80
71 131
63 34
41 138
14 147
63 126
88 102
80 39
50 139
114 96
105 140
80 32
113 47
132 54
15 19
124 125
21 75
142 5
143 147
124 80
111 80
128 132
145 76
125 121
14 16
49 86
71 127
61 114
105 121
62 109
50 119
130 82
7 106
145 29
109 13
95 113
38 73
4 33
32 122
63 42
111 3
86 137
99 139
149 139
121 124
35 29
117 146
107 60
136 138
29 119
97 85
11 48
46 36
51 11
55 140
96 94
12 86
68 49
36 96
34 27
64 143
24 3
69 78
15 62
138 7
128 75
141 33
13 107
12 133
48 105
7 21
127 117
131 40
15 119
137 20
84 62
1 57
140 0
7 101
1 131
19 104
14 39
80 5
2 16
94 38
44 84
47 119
38 117
1 0
26 35
50 56
34 55
80 13
81 8
126 13
139 58
28 89
27 72
33 9
4 138
93 46
130 123
35 71
86 105
26 20
145 93
45 39
111 7
53 10
36 68
67 137
143 1
87 21
93 28
82 144
149 106
113 127
79 48
31 68
135 14
147 12
114 5
31 11
59 125
27 32
15 25
81 137
74 8
54 68
107 51
113 92
140 112
70 98
18 105
108 105
133 140
68 3
62 34
77 43
35 146
36 111
11 97
74 40
120 85
41 136
4 138
123 132
140 117
76 74
124 115
90 37
143 107
7 47
53 133
49 96
138 84
143 22
99 139
136 41
73 28
87 20
80 104
5 134
96 32
133 87
64 80
143 32
102 14
144 125
117 84
145 111
108 80
89 117
13 141
105 128
125 36
15 106
109 97
3 98
61 87
70 57
98 138
21 58
4 143
1 9
137 96
68 121
1 84
128 18
24 81
109 138
1 103
130 33
5 26
59 140
136 63
143 35
17 96
48 92
72 71
67 96
65 93
58 134
134 85
131 13
38 88
42 51
134 56
0 99
137 61
14 64
42 11
7 126
74 82
24 36
37 97
59 135
73 101
24 130
5 148
62 26
20 30
1 44
128 43
120 68
36 49
125 131
81 73
67 30
20 116
5 37
60 45
12 89
42 88
54 133
29 137
76 141
108 41
62 48
82 14
115 6
77 43
92 149
69 51
98 75
104 2
112 3
20 82
136 88
4 30
142 60
84 123
67 19
124 17
56 19
101 10
51 145
39 106
47 55
142 25
74 73
75 41
4 146
142 132
118 20
88 32
11 44
130 113
68 41
147 24
119 33
135 13
86 23
44 1
78 125
88 58
62 124
36 28
62 60
67 77
104 147
146 120
23 6
44 148
35 66
7 20
50 35
92 0
0 149
142 110
55 34
137 57
149 29
111 136
94 35
32 70
117 77
20 122
97 58
71 140
76 110
96 112
61 93
124 30
54 118
6 12
147 45
53 43
103 33
0 135
19 83
66 90
12 36
83 56
125 124
44 135
63 41
118 72
95 138
63 4
53 96
43 66
135 74
2 128
91 18
144 34
55 14
102 50
4 53
44 142
78 29
92 102
38 127
89 94
29 114
31 110
149 12
78 73
108 38
4 88
69 36
140 71
104 131
33 20
87 132
87 58
129 17
43 49
96 55
50 0
27 144
137 133
127 77
143 111
88 40
58 31
80 118
12 75
4 126
99 128
91 96
36 119
134 110
109 41
108 48
94 76
117 105
52 124
47 119
44 65
107 135
31 86
49 27
13 6
61 58
94 82
145 9
45 110
122 6
38 8
58 94
21 24
13 97
148 30
33 144
147 8
11 145
98 53
77 60
9 98
24 123
141 60
95 49
140 133
67 31
136 90
46 147
42 7
102 115
49 52
12 77
123 25
132 110
18 38
16 92
58 75
32 107
44 9
91 124
99 44
1 41
11 119
14 25
122 132
100 127
87 3
14 127
61 136
83 141
88 136
4 44
67 58
60 125
114 82
46 145
86 90
141 112
15 141
116 101
101 62
76 9
76 86
144 145
115 101
122 143
50 40
39 121
65 21
33 94
81 97
8 29
17 149
112 102
60 42
11 55
125 73
142 121
143 49
51 53
46 19
130 98
24 124
60 88
123 115
62 138
86 22
40 92
79 54
46 4
29 20
80 14
28 99
84 62
104 25
123 135
106 16
117 115
110 101
121 101
129 81
80 48
114 54
41 121
0 51
77 73
107 9
64 16
111 86
69 74
12 11
91 43
88 140
68 13
24 141
23 98
133 24
46 89
9 41
57 84
59 74
6 67
104 40
146 107
62 32
68 139
16 113
17 76
38 142
94 90
16 89
102 83
109 15
28 91
135 86
84 6
22 119
121 114
46 109
22 87
0 137
59 38
4 64
20 34
23 111
98 136
84 58
41 132
130 64
14 23
102 93
134 2
84 140
52 51
60 15
141 63
87 116
136 34
101 18
112 145
12 99
31 30
80 87
113 25
144 45
33 121
73 64
54 61
134 135
120 52
63 137
12 139
80 96
92 48
94 98
9 95
108 48
114 96
78 139
131 47
122 120
72 128
108 96
14 121
136 80
17 115
34 117
146 75
32 127
73 37
30 32
52 107
90 97
98 90
143 87
35 5
7 72
110 28
115 84
12 75
48 137
118 128
23 143
60 127
37 23
64 94
102 54
127 32
80 102
103 88
60 53
29 8
52 106
14 105
142 105
56 27
51 81
20 90
20 147
122 77
6 9
49 76
82 10
97 88
93 121
25 24
133 106
125 122
146 16
133 48
49 34
52 133
101 143
110 58
137 134
87 136
145 47
96 19
92 143
65 85
42 18
130 121
80 63
24 120
39 31
54 46
95 30
39 46
125 68
103 36
83 0
138 147
116 71
129 133
22 138
128 118
0 93
77 96
10 41
139 110
15 72
145 30
59 131
25 8
0 12
138 68
136 70
22 90
93 32
144 129
101 55
121 22
91 83
122 67
40 7
144 59
137 121
141 95
25 131
51 127
105 72
131 117
18 86
94 6
130 54
139 105
113 22
86 130
41 31
93 87
76 42
86 141
86 23
34 97
60 138
15 69
97 129
55 44
32 99
78 63
15 109
58 122
56 99
132 125
41 71
80 93
124 101
73 44
40 98
61 72
137 93
121 143
30 61
35 38
25 142
111 42
62 77
83 141
87 19
72 88
146 44
56 126
32 106
42 8
63 34
94 90
84 3
116 32
144 135
148 24
16 59
41 73
133 31
71 15
16 40
117 25
35 42
98 42
122 69
147 108
19 20
10 63
69 80
107 26
9 0
49 143
90 47
27 22
55 126
11 33
80 108
12 27
10 67
58 33
62 15
69 2
100 24
11 99
139 132
139 108
4 50
127 146
131 62
66 63
82 13
5 35
115 72
92 9
107 0
144 130
68 148
148 110
47 58
22 94
77 95
45 119
148 10
25 114
146 86
124 51
6 111
127 132
106 60
14 90
41 59
90 132
27 33
132 146
85 16
110 133
20 113
72 76
24 113
90 31
81 112
100 95
86 105
48 102
23 95
1 33
148 19
79 46
47 113
142 76
19 13
71 112
106 71
9 35
28 75
94 29
133 77
49 116
98 56
11 87
63 100
77 39
138 88
0 78
69 3
7 54
2 108
90 7
101 22
102 19
31 38
60 92
63 139
100 145
135 38
87 147
149 58
147 50
39 49
67 135
85 10
81 9
105 20
149 30
9 51
89 12
82 113
27 101
74 3
19 23
19 122
121 31
94 7
126 49
86 106
1 30
85 50
53 55
114 97
84 3
122 139
118 129
85 89
50 134
9 87
17 68
100 54
63 79
114 148
4 57
49 149
30 8
23 70
54 34
27 33
64 60
42 142
13 31
30 17
23 19
141 98
116 121
12 73
149 69
130 50
14 11
149 4
134 124
67 13
69 9
85 0
58 45
21 33
44 52
96 63
95 131
114 24
93 110
105 63
145 137
59 5
0 132
0 16
28 65
100 79
59 24
55 88
148 69
61 20
57 39
135 125
131 97
47 135
92 103
34 129
91 34
113 78
56 147
52 144
34 33
121 136
102 38
20 45
83 103
25 37
147 105
36 105
80 47
118 50
44 136
48 94
41 65
86 14
80 24
59 108
113 77
60 112
15 9
85 121
24 55
38 80
124 73
39 56
4 69
7 89
53 60
7 104
51 82
128 36
92 20
73 66
148 56
60 86
108 120
147 42
41 63
124 136
41 44
92 7
67 52
140 120
25 27
104 71
145 115
40 11
129 100
18 76
26 67
112 149
100 142
68 140
55 35
104 88
145 144
117 54
143 81
71 88
57 52
128 56
137 112
100 113
128 59
13 70
117 40
142 43
105 143
28 59
101 75
91 109
11 78
118 102
67 60
120 3
35 24
41 19
111 0
9 45
103 80
10 104
72 34
83 71
56 102
95 71
61 44
112 82
119 46
75 142
88 32
10 0
24 146
95 66
149 0
134 74
47 74
128 106
123 103
48 101
13 136
2 135
17 78
51 149
102 105
109 133
34 5
17 80
86 147
76 9
95 139
9 100
148 108
38 106
14 143
51 66
109 51
59 74
67 6
94 127
73 83
144 56
117 23
60 41
69 25
8 149
13 36
56 143
136 82
18 149
66 10
86 20
108 117
16 125
2 79
137 62
90 124
104 7
63 138
112 16
109 148
87 64
146 22
54 122
85 87
68 15
129 122
13 136
143 108
53 66
100 72
113 102
139 100
121 7
141 74
55 26
99 35
78 69
101 100
75 37
9 28
136 38
15 87
6 14
119 95
37 124
0 80
15 42
2 123
27 9
129 100
72 139
127 99
40 25
16 15
28 112
104 75
140 108
99 25
27 38
81 130
75 134
96 2
133 5
27 105
90 9
14 134
62 78
54 2
49 5
27 79
131 57
51 21
146 35
121 114
120 134
52 94
21 6
9 40
139 19
108 78
36 19
88 85
87 74
38 138
90 120
3 27
28 15
145 87
102 134
51 133
38 123
85 90
116 36
10 136
87 61
126 84
145 52
27 112
97 71
63 84
19 80
35 27
27 58
13 141
89 45
11 84
49 9
98 76
98 20
52 81
129 116
120 16
85 51
53 19
39 63
107 144
84 139
123 102
24 45
64 15
83 8
48 63
109 108
20 123
13 54
39 11
12 146
32 102
129 66
111 44
106 70
22 39
100 40
111 94
121 13
85 120
60 94
25 26
7 37
75 57
53 17
46 77
32 82
57 15
76 46
13 87
142 43
91 98
79 8
28 74
70 56
79 91
66 1
106 6
42 12
9 74
125 7
11 107
71 49
109 87
23 139
134 145
22 57
13 107
21 24
64 76
14 128
137 123
12 64
93 72
104 75
55 112
110 126
54 11
72 99
47 119
120 130
90 9
132 147
14 18
4 57
111 43
11 44
96 142
65 112
64 93
109 115
136 139
89 62
105 121
49 149
91 111
45 41
46 86
110 89
127 54
109 101
72 118
50 77
121 104
68 36
107 56
135 100
127 147
29 94
3 2
99 52
39 73
79 97
57 9
36 45
5 112
139 140
58 114
80 85
139 39
94 45
29 2
13 25
11 50
136 129
1 51
74 138
20 26
55 33
111 77
116 38
106 86
49 53
8 63
64 45
87 142
41 5
54 92
132 103
93 129
81 46
39 116
50 5
6 88
87 8
19 130
76 28
118 81
76 36
118 128
90 74
68 91
146 114
121 123
12 40
18 76
117 6
135 71
54 44
42 39
72 65
60 101
128 143
90 92
33 13
65 100
97 0
71 123
120 6
2 135
19 106
59 26
55 32
25 1
29 1
29 119
140 38
67 63
3 146
88 1
89 12
112 103
63 88
116 140
29 106
112 63
126 3
105 16
145 45
1 43
87 73
62 4
76 133
144 17
18 11
110 37
1 68
100 13
98 18
102 65
130 97
21 91
56 50
115 45
42 61
90 137
142 92
7 136
81 116
86 48
120 62
103 21
125 26
125 94
134 110
20 120
118 17
59 130
139 73
5 77
36 139
120 47
69 147
108 78
99 47
46 81
16 1
93 97
86 95
5 44
11 60
89 24
38 0
70 135
30 13
25 24
75 146
14 140
87 40
28 20
117 86
97 63
43 54
21 86
64 58
47 20
1 84
23 79
91 24
120 35
35 19
23 68
78 102
27 73
129 60
88 131
71 60
56 5
101 123
80 143
127 108
81 55
81 7
47 94
24 125
121 48
87 124
49 67
57 83
104 39
43 15
76 120
123 11
101 79
7 66
86 119
35 21
124 131
108 80
45 41
54 132
23 72
50 101
1 148
24 76
137 132
11 149
72 103
19 36
99 94
26 97
84 132
117 103
130 99
105 133
88 111
42 103
50 40
8 115
136 88
102 44
19 13
144 138
115 106
85 101
84 107
117 130
48 131
68 1
57 142
47 78
42 136
92 42
58 109
140 100
18 70
20 60
53 32
64 82
1 58
137 136
15 135
142 16
6 136
40 17
23 108
120 30
60 53
129 43
91 138
6 125
95 5
131 67
39 82
24 134
33 69
41 32
105 92
108 97
67 70
59 109
3 118
92 85
113 73
8 100
53 119
118 24
118 27
28 135
51 133
57 8
95 138
63 72
142 103
93 113
104 29
20 3
111 126
114 45
19 58
9 130
83 5
65 23
99 21
135 12
145 26
109 42
107 70
76 119
15 25
134 6
129 128
36 13
87 91
21 90
138 43
109 23
28 100
6 15
142 16
90 78
128 149
90 128
60 109
83 127
38 146
67 43
73 100
23 76
71 60
74 110
45 35
11 138
3 98
127 109
66 115
69 37
60 127
23 29
4 138
19 7
32 26
59 44
69 8
65 53
80 74
103 47
50 41
112 132
88 119
136 38
1 96
132 96
144 61
121 78
145 146
137 111
123 99
98 60
95 69
26 15
47 30
51 82
99 30
55 17
65 85
58 3
68 109
106 35
136 109
72 19
11 28
39 115
123 116
26 76
2 92
71 87
56 43
79 148
88 64
44 142
90 119
131 92
106 88
123 65
27 8
43 5
138 55
11 2
36 137
86 80
78 41
7 134
56 50
92 104
105 73
28 21
88 78
51 75
47 86
146 31
115 12
118 140
109 102
129 143
60 97
132 19
11 35
149 13
51 148
120 31
145 142
76 45
95 86
99 54
18 141
82 55
81 80
125 120
5 4
75 20
112 75
135 37
97 41
38 113
34 13
145 8
103 7
138 5
115 138
119 62
124 131
27 141
26 21
37 83
86 126
51 58
14 19
102 6
13 70
129 104
53 70
7 135
17 103
60 126
143 18
36 138
124 46
91 122
142 140
19 1
46 83
71 36
124 22
42 37
69 46
63 15
42 148
112 84
128 84
7 112
68 103
77 120
60 50
30 123
66 99
88 81
75 23
58 3
97 73
23 84
76 142
5 98
67 5
33 4
126 138
147 79
73 44
136 69
83 97
88 32
39 1
5 76
143 81
104 62
147 50
73 129
0 29
140 42
137 148
122 84
86 15
27 20
7 37
56 111
133 68
115 13
86 66
25 45
20 129
51 109
0 96
72 51
50 53
24 128
131 50
34 19
47 57
75 13
92 128
125 133
13 148
101 41
114 81
68 27
116 68
8 22
140 54
62 67
89 125
149 137
142 13
47 92
104 94
12 115
9 13
18 108
147 11
123 40
70 120
91 84
83 53
72 17
116 66
122 137
100 127
80 107
119 73
92 114
77 139
124 89
134 67
3 2
82 141
120 82
82 128
31 137
123 136
114 58
25 15
51 58
147 28
23 99
119 84
147 24
71 4
149 71
13 145
7 108
64 105
124 61
64 17
42 68
47 38
123 98
52 17
98 12
61 33
28 92
57 87
114 4
66 84
49 27
119 51
28 102
134 44
46 72
66 38
58 40
48 46
90 48
109 60
103 27
129 108
54 132
29 55
59 54
123 71
146 117
59 67
107 85
61 16
71 11
0 49
55 18
67 143
147 14
62 131
116 39
94 146
37 132
74 62
85 87
46 102
141 140
54 20
115 85
109 4
28 46
22 79
55 44
111 51
113 30
51 137
25 133
90 2
125 141
1 44
48 147
100 7
76 55
121 139
103 123
143 19
127 131
141 133
60 123
141 137
5 6
51 47
88 17
53 113
60 52
93 73
134 148
61 51
9 33
65 75
28 8
136 110
87 31
107 73
145 112
108 74
52 7
64 79
61 112
68 15
127 23
7 110
57 96
61 19
61 109
64 138
108 17
78 37
125 24
20 53
40 128
98 65
133 1
20 126
95 45
16 105
116 21
143 118
103 53
112 18
97 13
37 117
13 106
90 95
72 77
73 93
5 29
86 125
61 9
73 137
64 136
143 71
97 9
104 90
114 93
79 22
2 142
47 127
134 11
32 30
33 108
146 96
87 119
8 73
15 62
93 63
62 100
85 126
92 63
80 76
146 49
91 145
104 74
16 49
95 142
13 62
95 119
102 81
61 72
89 78
104 133
38 3
117 60
87 14
56 140
145 66
140 3
62 92
17 33
80 92
22 126
110 71
61 90
31 86
82 3
67 30
34 105
13 131
118 39
72 87
13 112
148 118
53 16
76 91
12 91
125 92
60 28
67 122
123 112
112 122
13 40
34 30
87 23
13 136
25 32
62 80
25 108
95 57
44 41
78 109
65 27
139 101
29 40
82 38
83 89
108 70
23 7
123 20
31 117
49 131
68 8
35 10
47 39
109 43
94 58
109 121
59 58
37 43
135 26
1 132
87 11
104 2
60 112
147 65
142 146
95 42
107 134
140 10
18 97
82 90
116 31
67 143
114 8
83 35
25 126
145 116
9 135
29 87
144 49
137 13
9 63
90 36
26 70
131 74
79 48
134 49
85 87
114 55
58 11
110 3
101 97
43 4
34 47
66 54
50 135
149 9
50 78
47 71
65 104
57 17
41 68
49 77
44 74
92 8
81 100
33 26
62 75
108 38
100 128
113 140
73 86
44 45
98 68
28 53
57 85
94 133
107 14
136 7
23 8
102 125
9 16
53 61
2 31
17 2
40 0
20 132
32 4
28 9
23 2
92 119
22 137
103 77
64 12
24 96
48 45
48 142
7 76
56 12
93 137
86 107
119 117
84 60
132 57
79 49
6 147
142 116
96 132
7 120
65 133
19 87
16 26
93 47
96 84
130 145
96 59
34 104
67 34
147 109
90 92
110 7
79 138
106 12
59 96
143 113
92 0
3 126
45 148
48 54
44 30
68 92
117 50
52 5
144 3
108 54
37 58
139 98
100 128
69 26
48 129
132 96
28 102
138 116
105 74
124 130
140 110
4 146
109 73
42 73
40 39
88 85
103 46
108 15
146 3
38 107
22 118
30 35
27 113
141 26
0 3
104 6
101 44
35 101
80 53
89 136
101 44
149 24
14 23
14 124
75 77
111 69
79 10
89 62
80 63
10 42
1 52
0 31
14 31
28 111
75 15
49 84
30 95
113 134
87 3
51 0
52 129
51 90
45 74
47 24
44 83
59 2
144 131
6 32
111 138
105 44
42 121
107 41
82 42
7 71
48 11
135 114
64 100
68 55
130 9
80 96
3 62
43 87
39 75
104 34
10 52
3 145
97 141
136 128
144 31
5 61
70 69
87 124
79 53
62 80
56 103
100 30
6 143
149 75
128 138
121 100
129 96
138 8
15 27
7 149
35 146
137 7
78 122
48 140
63 95
58 145
31 63
127 15
91 90
13 61
132 69
113 14
90 87
9 17
110 83
76 14
82 105
17 18
36 111
99 30
74 89
7 91
3 65
75 50
9 8
53 144
44 19
15 74
28 122
69 100
33 97
121 65
97 137
16 9
121 75
6 130
82 65
146 47
109 45
64 1
20 147
99 35
134 1
25 109
112 77
1 2
9 33
104 140
143 131
79 5
142 32
30 84
5 139
14 30
78 39
125 46
44 22
118 10
74 121
0 71
143 65
114 96
104 93
64 51
104 122
32 147
145 16
77 57
73 32
36 90
66 1
136 144
20 61
1 73
44 119
61 58
100 86
104 146
98 18
5 66
13 145
96 114
136 141
109 86
119 130
6 92
109 148
75 63
3 126
112 65
34 60
90 130
117 76
58 34
79 141
143 39
131 59
35 77
25 30
121 119
149 16
54 102
122 61
29 27
81 106
148 118
149 130
85 56
22 21
98 22
39 65
104 74
93 132
26 23
31 9
63 148
47 61
75 34
39 69
141 121
56 23
9 21
0 74
117 24
107 48
5 55
64 83
126 101
15 58
57 7
43 22
94 140
132 37
86 110
147 4
146 57
138 89
117 55
0 118
8 42
66 15
36 147
21 85
64 147
90 35
79 58
144 40
64 103
4 3
23 66
144 89
148 95
37 83
39 81
25 137
133 126
94 104
14 108
124 135
106 48
8 133
52 110
103 54
66 69
32 1
124 72
73 78
54 68
109 9
35 86
11 33
33 1
112 25
18 145
40 148
91 106
128 101
138 21
19 99
133 14
114 87
1 40
141 36
62 0
11 104
118 139
81 60
50 144
5 69
85 33
45 0
135 103
13 86
147 2
109 26
101 7
77 147
33 6
89 41
52 127
127 141
45 1
79 78
108 112
79 16
142 19
44 55
27 8
40 93
36 88
125 44
58 9
80 18
39 129
106 65
67 12
116 87
113 50
113 128
114 113
105 15
136 89
86 34
134 146
51 126
116 24
7 56
44 92
89 93
116 77
125 68
90 137
147 115
76 34
4 30
56 72
125 135
76 79
43 107
146 116
7 23
15 127
93 113
5 107
122 4
107 124
83 111
36 97
63 110
80 37
80 60
24 21
8 113
31 49
131 58
37 54
140 146
70 20
63 93
3 110
0 128
113 64
6 32
14 104
139 140
34 43
55 72
88 85
144 10
149 61
124 97
95 97
13 142
138 1
25 149
30 94
66 88
89 114
20 54
61 16
40 83
29 98
89 149
45 87
137 133
89 46
25 134
60 93
48 49
131 115
141 36
85 134
21 60
148 130
136 113
85 136
138 75
73 124
107 45
1 115
118 24
133 113
133 129
13 104
11 3
31 105
93 62
67 28
123 136
97 56
133 136
47 9
112 132
102 93
145 125
93 69
25 18
114 123
5 138
86 104
95 101
117 96
75 133
120 22
109 21
15 47
145 43
110 16
92 51
88 37
124 51
80 27
15 101
93 55
91 16
28 116
131 97
54 16
95 15
124 53
99 104
76 109
24 37
34 47
90 63
117 6
32 59
130 97
77 43
103 41
58 39
94 70
30 53
52 57
1 138
140 27
136 56
114 60
47 60
109 123
10 117
83 14
114 68
105 102
98 90
87 94
73 105
87 15
134 40
126 64
87 7
88 131
109 128
133 137
43 139
63 149
112 48
23 140
70 30
69 85
7 106
51 128
92 32
127 147
12 136
105 141
37 65
116 1
83 11
68 4
117 36
81 28
20 86
9 13
34 86
140 27
33 103
9 134
121 75
109 27
134 75
104 55
95 118
68 4
111 44
93 114
19 42
25 71
12 40
131 63
90 6
2 43
27 85
97 142
13 15
76 141
67 61
30 71
8 89
5 60
88 92
25 93
85 91
145 127
109 86
102 34
126 124
137 136
89 56
36 63
24 11
113 104
64 96
78 83
77 114
149 121
18 135
100 63
30 112
66 82
96 141
130 17
24 53
61 34
128 57
92 54
17 99
142 58
21 69
23 130
80 47
125 78
74 126
0 42
131 21
38 36
62 39
38 86
121 81
127 12
50 113
38 8
61 120
144 75
21 38
11 41
99 32
99 79
69 95
75 42
112 107
103 133
19 30
76 62
141 113
126 112
115 68
5 102
111 11
111 57
33 4
0 94
5 82
17 26
13 142
147 149
115 40
28 49
114 45
20 131
136 18
74 9
71 49
87 65
81 64
49 131
131 132
122 78
132 25
132 23
100 136
18 59
124 15
91 139
18 124
8 61
65 85
48 136
25 75
30 20
8 71
46 144
52 77
98 81
79 91
28 144
30 23
4 89
104 24
92 24
149 1
48 19
38 19
129 140
82 13
23 135
83 122
147 103
87 8
11 32
25 72
11 44
122 137
49 110
55 12
145 72
133 73
32 145
136 35
35 94
101 20
15 12
37 19
91 116
127 41
99 77
124 108
39 96
114 84
81 28
55 20
76 121
52 71
9 146
36 58
114 98
47 34
13 9
13 105
81 30
69 3
3 59
116 47
82 104
96 122
133 10
145 26
13 139
40 44
142 135
103 78
137 0
146 17
146 125
115 75
103 123
28 130
27 76
149 13
135 24
142 138
18 28
70 140
103 48
84 4
54 133
132 145
60 71
84 50
29 57
54 57
124 96
47 144
133 16
77 26
58 124
117 88
113 108
93 25
97 100
125 99
99 34
124 121
112 137
19 12
148 17
98 57
38 135
118 3
30 149
98 79
136 125
118 99
75 117
43 77
73 88
94 6
17 103
103 0
98 2
138 39
71 40
49 55
74 101
135 81
39 112
22 100
47 133
65 125
67 33
82 24
111 130
149 40
80 113
144 119
12 94
58 136
8 25
149 128
64 126
149 147
144 119
38 145
118 62
36 76
25 107
123 34
90 73
71 49
139 23
113 63
113 119
126 80
46 23
100 87
123 142
32 61
4 11
44 34
132 24
105 72
12 76
132 121
136 96
100 92
59 124
142 67
60 79
71 141
136 35
36 104
112 129
31 121
75 10
114 50
138 79
127 98
128 140
48 40
51 41
131 142
6 129
112 54
10 42
145 24
28 133
16 122
5 96
62 21
105 15
131 40
15 80
54 106
76 45
113 74
85 99
22 132
39 88
84 47
73 127
65 147
98 105
48 130
54 21
37 65
49 34
112 68
95 54
86 124
42 133
68 134
24 61
129 147
132 101
92 116
120 65
101 141
1 62
144 29
86 16
8 40
127 117
120 50
79 5
15 28
33 148
28 14
37 35
70 21
127 80
1 16
114 22
104 29
132 124
92 95
68 133
58 122
27 63
56 55
149 48
70 110
105 118
142 44
3 102
63 26
77 58
140 135
103 77
49 95
49 22
76 4
141 55
49 17
1 20
23 70
124 106
9 126
123 38
124 109
91 62
145 81
34 10
120 148
47 52
149 42
70 99
26 80
129 106
57 68
126 128
115 14
18 129
23 149
88 6
57 25
104 80
33 10
61 138
119 11
7 92
10 52
75 80
71 133
45 27
85 125
81 84
96 139
43 142
76 0
103 58
73 121
57 91
13 108
120 100
33 29
115 76
101 82
3 32
144 11
87 2
139 66
32 89
110 5
47 135
122 140
63 24
35 38
138 43
102 3
90 36
47 126
80 87
89 21
53 105
116 104
77 60
72 117
108 136
138 4
35 36
18 139
16 74
66 76
103 64
84 94
122 104
146 111
138 38
63 7
101 112
137 133
96 12
0 66
16 85
44 135
127 89
129 27
91 65
0 73
147 117
140 126
3 123
32 145
51 7
101 75
140 13
120 130
58 3
88 128
29 22
133 49
118 96
0 141
2 96
9 124
108 23
14 74
85 12
13 116
58 20
81 42
10 6
91 38
37 47
78 79
92 136
92 140
46 52
59 87
148 100
112 148
21 96
85 110
132 142
92 48
24 9
47 82
82 53
89 74
48 123
113 29
118 94
40 138
101 85
68 29
48 73
62 67
56 84
11 93
92 81
21 114
94 99
91 85
127 7
96 122
103 80
65 101
34 135
101 102
59 26
66 24
37 11
116 144
73 60
108 51
0 15
25 66
44 52
74 87
52 56
104 76
141 70
55 27
51 145
73 105
5 62
81 90
19 38
27 140
12 38
126 25
55 108
3 43
118 19
23 111
31 28
147 1
79 25
85 145
19 142
15 131
146 0
145 84
35 54
2 54
9 134
51 115
134 130
16 98
71 44
43 86
97 22
127 27
13 22
80 40
116 82
40 14
123 77
73 91
16 92
19 72
41 78
119 46
7 79
59 32
46 52
0 41
64 148
53 77
66 54
91 12
76 75
92 9
12 49
32 114
19 3
69 128
104 63
118 6
112 92
16 133
52 147
10 6
123 142
130 127
115 0
135 17
75 63
70 42
52 61
29 68
8 2
149 8
96 146
93 113
114 69
77 43
42 77
90 124
1 88
149 67
50 134
88 108
9 103
4 40
117 139
98 147
101 103
89 135
48 12
144 40
74 137
38 103
128 141
32 68
140 28
121 110
30 31
131 132
86 132
120 69
26 11
15 112
3 77
90 115
86 148
1 91
102 119
139 49
2 132
104 29
134 17
51 148
108 140
77 14
47 88
51 110
4 146
148 35
2 108
66 32
6 146
122 93
21 18
18 32
111 142
82 80
36 31
144 43
74 129
112 11
136 134
87 32
24 30
141 33
76 139
68 71
13 134
89 123
4 9
4 1
136 122
73 122
65 101
109 125
28 96
2 67
94 6
13 2
136 147
65 66
10 12
88 37
22 42
48 69
66 21
49 34
36 149
72 31
134 89
135 63
17 114
119 30
6 16
93 125
124 44
15 145
134 95
110 71
148 64
35 125
48 84
137 86
100 81
71 102
60 145
78 136
34 72
121 28
46 42
104 135
21 50
90 76
117 78
99 31
7 115
99 89
47 10
37 49
140 41
92 98
100 110
102 80
92 105
40 7
61 105
116 54
18 127
126 36
148 40
33 75
61 138
22 28
49 96
140 136
82 41
109 105
138 118
36 132
42 22
7 65
134 140
75 21
127 120
103 135
45 96
133 49
112 2
68 69
99 22
65 29
98 82
143 74
70 40
74 4
77 54
50 124
69 95
101 95
126 113
72 19
81 3
28 32
4 94
25 53
62 85
58 14
121 110
89 137
133 122
9 96
90 50
95 142
119 28
144 35
70 134
35 103
140 138
53 128
116 115
81 97
27 137
84 9
146 43
140 110
19 21
9 134
68 106
116 128
72 8
49 113
51 84
136 121
19 13
136 29
147 71
37 6
106 0
79 138
37 2
121 53
147 3
0 52
0 103
48 138
113 86
127 15
45 28
67 44
137 41
41 8
29 18
104 81
37 34
121 49
135 61
4 115
57 126
47 73
61 39
143 32
26 52
128 124
44 106
86 56
146 130
18 78
138 9
29 59
116 98
129 107
53 10
127 89
21 68
130 79
61 59
28 10
13 103
126 136
12 49
65 73
67 39
13 119
17 109
32 22
51 60
50 49
45 82
66 133
89 44
108 62
78 123
27 72
17 93
103 101
87 147
88 82
81 112
77 72
7 127
13 119
45 111
116 135
126 108
131 53
108 49
54 5
45 59
77 36
45 50
35 82
135 55
88 32
80 19
32 86
106 98
125 116
25 60
39 141
62 124
66 30
103 139
128 139
93 102
70 61
145 4
25 57
43 24
28 18
122 87
15 37
38 114
34 84
127 82
43 148
29 12
16 24
68 16
33 2
82 86
130 101
3 129
139 75
104 31
148 107
92 147
31 100
3 105
79 25
13 24
73 136
35 91
90 51
75 41
31 127
25 85
98 91
105 8
10 33
85 94
60 113
98 141
48 106
102 108
14 101
56 60
111 103
97 81
103 56
128 134
88 56
31 142
104 108
91 96
44 26
67 26
45 71
110 6
117 147
45 91
59 34
86 1
108 105
70 119
140 62
106 143
94 21
84 108
59 68
118 62
149 35
72 76
62 4
115 98
46 122
3 130
45 33
125 39
50 125
5 106
133 93
12 40
74 125
83 51
131 147
50 35
64 123
102 98
31 49
68 123
143 67
103 87
50 95
119 67
3 123
30 3
97 149
7 5
121 143
110 99
134 17
115 104
112 48
130 46
55 130
148 17
68 0
32 110
76 103
109 29
147 46
35 106
21 131
96 4
47 134
46 106
34 129
33 123
86 85
123 17
107 77
47 75
32 5
7 96
34 103
24 109
69 97
144 91
39 144
17 126
139 89
28 37
147 19
111 70
113 45
126 109
46 56
41 147
7 13
140 94
76 116
98 144
82 85
81 79
59 0
88 140
26 3
41 34
27 33
125 18
111 46
25 118
79 38
40 21
79 6
143 0
31 92
19 51
11 74
18 5
67 50
15 43
13 104
103 19
110 91
48 64
55 4
57 12
11 107
43 62
112 99
124 140
146 117
34 5
64 53
44 68
109 121
83 66
28 65
142 149
117 142
86 45
1 148
65 17
62 79
31 106
145 32
117 97
56 53
94 79
54 29
66 104
118 1
93 81
96 2
137 19
25 116
136 78
112 135
48 27
38 92
104 64
28 21
38 36
117 114
29 112
86 144
56 68
47 63
17 126
66 128
15 38
145 74
78 60
35 120
41 77
54 98
140 131
95 56
15 98
73 80
141 69
141 108
9 131
120 47
133 90
136 23
32 91
145 25
81 52
13 39
45 102
79 5
142 68
147 134
28 144
148 36
84 39
0 91
57 1
67 126
71 122
60 93
134 130
141 103
114 43
12 27
116 25
14 78
6 113
10 102
132 12
89 1
68 4
95 109
42 39
61 12
45 7
41 91
14 118
103 117
78 126
89 76
114 144
79 74
75 130
24 133
146 12
103 124
7 70
94 62
24 122
121 25
6 120
101 133
63 142
94 146
56 22
90 28
7 137
101 10
68 134
103 10
148 13
24 123
56 92
56 88
113 66
78 71
52 80
96 46
141 52
2 17
144 142
80 49
66 8
128 65
121 107
4 2
57 143
119 90
93 123
38 71
86 69
87 17
146 140
17 2
8 130
107 59
139 115
139 109
64 5
52 74
26 144
125 16
74 2
109 21
118 58
81 42
16 135
40 5
14 65
132 83
56 15
147 42
143 108
22 27
77 118
56 17
41 47
9 111
96 67
29 38
19 109
110 95
4 139
19 105
16 100
15 14
84 124
31 49
91 118
136 115
99 72
38 4
145 54
29 28
6 144
106 68
30 61
59 18
1 139
26 98
72 69
16 149
132 125
124 38
99 65
48 24
61 60
110 68
136 116
57 141
40 139
50 88
50 41
10 112
44 107
38 37
138 86
85 57
94 127
7 73
97 84
56 23
119 64
129 3
132 66
22 80
61 16
60 50
128 49
149 12
37 13
59 114
23 135
108 67
142 113
50 82
100 7
131 81
8 28
103 70
17 8
45 23
129 7
9 90
108 110
66 121
105 95
136 65
104 103
88 58
118 2
65 126
20 48
121 62
60 106
118 117
77 108
41 27
62 97
12 45
102 32
82 5
28 123
14 2
44 11
108 44
11 124
47 121
65 13
117 83
45 145
137 141
60 48
138 114
57 39
105 104
45 63
124 11
42 141
101 106
12 90
82 96
148 10
101 120
85 76
86 117
130 76
95 61
122 99
23 91
136 61
61 40
126 117
69 91
32 115
146 110
82 37
9 125
2 129
123 60
83 86
28 141
98 104
13 23
81 56
14 26
21 57
125 19
26 6
11 76
12 140
99 115
85 142
119 141
142 83
115 20
73 24
38 67
42 142
149 70
75 71
37 54
22 16
56 49
133 51
135 8
97 114
73 149
72 24
70 105
126 19
24 2
86 45
70 123
128 149
127 95
128 69
120 2
105 62
0 106
76 142
126 33
135 43
112 98
114 16
144 30
112 48
0 116
122 1
99 55
5 10
71 57
82 62
79 146
111 95
142 51
29 82
138 105
140 120
23 129
44 41
112 5
60 21
43 89
134 101
75 114
3 98
137 97
139 113
129 37
130 124
0 148
34 119
70 126
136 26
100 136
119 57
89 71
81 144
147 128
30 32
108 39
23 33
99 9
50 6
129 98
47 140
134 110
49 45
131 64
10 18
96 77
68 94
131 69
57 112
78 129
18 64
9 139
51 26
105 114
137 141
31 103
75 36
73 80
72 85
20 114
51 70
82 25
111 95
99 124
99 67
76 38
119 145
98 53
29 115
3 144
63 64
111 82
96 69
71 25
24 103
104 59
4 37
137 41
31 58
73 132
60 91
134 128
93 58
50 80
121 135
134 65
26 76
93 32
114 14
35 106
77 78
135 45
63 72
39 19
74 116
3 108
90 55
57 147
112 47
43 65
36 0
58 22
27 84
110 83
48 127
66 40
39 54
36 138
69 56
139 17
24 129
138 95
73 27
54 147
32 26
35 76
131 146
106 33
146 1
147 88
74 97
83 41
111 136
102 86
37 1
58 12
147 78
98 125
13 24
34 115
42 102
62 24
148 96
81 102
135 126
86 77
68 16
116 125
24 93
108 125
92 111
3 68
64 8
85 41
45 13
81 101
66 103
65 120
101 35
24 82
51 11
110 62
126 21
93 106
89 148
140 58
56 149
76 72
21 78
133 148
30 74
22 86
42 140
93 54
57 104
86 69
53 109
87 135
4 55
13 135
148 26
124 73
60 112
136 104
22 70
28 126
82 140
48 104
139 77
14 131
21 138
3 19
107 33
23 5
83 86
85 102
68 20
88 81
27 10
60 14
71 46
88 8
36 134
72 48
12 127
148 23
69 62
129 51
77 127
75 149
32 126
98 38
98 87
142 106
63 73
61 117
25 4
9 62
40 13
99 98
25 89
59 137
53 7
122 10
142 149
123 15
13 11
73 133
35 58
83 28
27 102
38 87
137 81
43 82
145 101
134 47
14 93
114 1
44 40
62 95
110 39
47 19
82 31
58 31
100 22
83 90
25 16
125 12
112 59
129 58
74 45
120 149
19 123
27 35
106 90
66 136
102 16
130 20
147 85
71 142
79 47
131 28
98 2
101 93
122 144
119 105
46 69
3 66
82 1
3 98
57 122
21 1
40 108
122 28
40 22
78 105
105 1
117 121
4 149
20 109
6 15
53 62
49 126
4 3
56 58
77 74
82 137
112 53
3 66
127 89
3 35
65 91
37 42
16 129
106 54
74 56
110 39
82 72
127 94
129 143
54 64
18 45
108 80
120 45
62 95
123 103
106 0
75 87
10 35
16 75
39 38
125 21
20 109
15 105
26 12
16 99
97 116
141 95
71 67
128 52
131 94
58 146
15 104
28 9
42 119
9 141
123 133
44 133
134 17
88 52
108 36
63 32
26 19
130 143
41 15
70 75
144 60
104 74
79 98
96 146
66 15
27 102
104 129
132 77
10 91
2 98
77 131
72 111
146 6
48 115
59 62
74 47
125 65
97 3
131 64
85 128
90 36
42 4
15 36
40 126
50 6
36 114
113 139
50 123
16 34
80 37
57 36
21 1
106 72
68 110
20 4
18 47
79 19
47 4
117 101
98 34
143 140
22 11
142 58
22 93
76 57
20 12
30 28
34 80
26 125
42 17
136 4
13 42
58 87
60 132
149 69
15 69
49 15
93 128
83 35
27 138
43 84
19 126
84 3
118 4
116 111
116 65
25 5
66 76
21 65
3 119
118 53
103 31
68 146
55 29
51 133
102 131
18 53
17 120
91 90
80 44
36 103
20 120
141 12
55 74
69 56
77 132
10 26
88 31
92 102
138 19
144 107
24 68
77 112
147 46
106 114
134 58
4 28
72 94
6 71
81 90
16 98
125 59
58 26
80 100
70 33
102 107
50 131
63 68
137 128
115 32
101 104
3 101
117 37
140 91
9 102
100 83
42 143
136 91
61 130
24 146
147 75
110 60
146 89
127 11
85 66
56 46
51 137
81 88
111 77
115 24
43 19
115 6
3 50
32 144
37 82
102 84
35 93
131 136
91 40
21 64
65 38
100 130
16 74
14 9
143 3
127 95
146 0
11 121
13 71
14 84
40 82
100 136
57 132
12 63
104 33
109 93
96 99
47 48
37 137
63 90
110 77
81 128
125 98
70 13
36 147
8 108
32 107
91 88
117 14
11 74
5 136
43 112
80 131
116 49
110 93
91 48
9 119
126 12
59 108
142 9
34 146
68 130
60 89
117 138
91 37
17 62
138 71
52 24
147 49
103 104
62 20
10 73
20 117
119 29
29 8
30 107
91 137
71 86
101 32
39 46
81 85
25 43
127 38
34 144
11 13
128 105
24 92
135 109
102 19
47 101
79 87
107 34
62 138
120 122
137 101
105 67
142 127
9 73
64 141
39 125
117 83
54 13
105 32
33 63
5 134
84 82
27 96
133 57
60 136
100 86
91 103
129 33
75 69
26 142
102 29
130 127
15 6
17 120
111 21
52 89
17 102
69 42
27 69
58 60
80 76
47 3
57 139
10 33
62 37
111 119
135 82
64 114
68 79
122 113
108 2
59 136
96 145
107 149
102 137
19 116
108 24
4 45
32 87
23 44
61 36
83 26
146 57
47 46
148 8
8 90
78 37
95 123
125 68
97 113
23 100
144 127
18 48
90 0
114 32
99 121
26 124
77 144
139 18
35 58
18 76
44 74
82 144
21 131
1 33
72 137
27 110
23 57
43 70
132 130
77 146
33 4
129 52
109 25
22 98
146 21
83 14
2 66
67 47
69 130
109 0
60 94
56 29
63 130
74 30
104 61
140 20
86 138
99 2
57 36
113 146
87 65
12 60
146 142
120 103
107 38
97 128
22 92
83 139
133 83
129 8
5 144
148 22
100 15
32 59
106 147
119 127
29 14
118 1
127 91
66 75
34 120
132 64
120 110
90 64
19 63
78 77
144 65
130 10
145 129
65 114
102 45
6 7
86 17
149 42
104 14
124 91
10 6
68 143
63 122
80 42
32 64
81 48
95 20
29 85
121 144
83 122
41 64
113 46
60 43
26 137
30 139
124 113
65 5
97 67
62 39
135 116
58 136
21 9
128 53
94 62
124 28
1 107
32 65
102 124
148 103
45 30
86 125
19 101
62 94
56 115
112 144
14 83
8 7
101 148
40 141
23 17
1 26
125 101
81 109
9 91
39 10
40 124
9 8
17 77
105 115
21 77
120 13
108 103
103 12
131 92
80 83
141 117
64 130
49 14
101 42
143 34
130 109
31 48
122 139
49 95
86 6
129 123
10 56
120 111
23 136
76 32
97 139
84 136
135 80
146 103
140 124
30 1
145 70
142 129
12 14
45 56
129 72
16 58
80 134
70 33
136 21
117 136
48 127
16 65
37 129
121 83
147 7
137 48
120 43
26 148
70 73
22 58
2 53
107 137
83 54
34 66
98 102
141 61
108 122
38 43
37 33
112 64
55 139
55 87
58 105
118 139
146 95
138 0
93 108
28 140
109 24
74 37
78 142
83 16
117 47
73 102
95 52
52 116
45 42
143 23
75 56
92 19
105 120
113 90
122 89
34 125
53 114
53 31
74 88
75 83
54 36
31 109
83 110
39 66
24 87
106 129
95 135
81 5
113 86
26 139
36 4
118 112
107 131
82 75
28 67
2 48
46 29
121 64
44 95
132 60
38 64
44 12
131 141
7 137
123 135
67 5
44 1
99 64
86 141
2 60
94 53
118 111
145 149
99 103
133 41
12 26
130 141
46 73
73 126
34 3
130 31
65 4
138 48
62 61
1 135
129 147
26 139
13 57
106 69
49 77
96 57
148 88
48 98
66 141
127 51
89 137
18 13
109 86
146 142
81 104
38 101
147 27
62 71
59 39
98 90
7 54
111 67
10 108
75 77
87 54
148 110
145 9
55 49
87 141
15 68
81 8
27 110
34 139
0 86
17 72
75 20
83 21
115 137
96 36
119 18
35 29
123 5
51 29
125 59
3 105
115 148
80 146
86 5
52 146
7 14
115 148
52 25
21 136
7 45
11 26
142 144
83 50
11 34
82 44
121 8
137 3
44 57
86 1
42 15
125 11
106 37
21 87
105 111
144 25
47 96
98 45
73 102
116 62
126 35
121 23
77 37
127 125
146 63
83 88
16 56
117 56
136 114
130 3
80 106
99 29
52 15
89 73
118 93
52 145
0 15
9 98
38 130
27 33
6 68
39 103
128 58
129 61
14 8
54 111
80 66
3 23
71 102
141 81
107 113
63 100
75 85
80 40
81 134
35 129
125 1
108 130
72 98
16 124
84 143
105 70
128 110
114 23
45 134
48 68
24 69
53 26
84 101
101 53
28 137
18 131
105 58
98 129
131 133
43 56
78 52
49 57
98 119
146 140
34 100
23 60
10 80
98 45
89 90
24 79
80 136
120 86
39 121
36 16
38 42
136 102
113 54
82 47
14 148
135 64
2 118
63 55
132 31
83 145
57 128
47 74
83 112
102 84
44 36
30 35
68 69
13 108
138 118
136 91
11 146
80 13
76 77
78 92
6 128
145 80
60 26
74 81
4 7
138 9
3 125
59 98
9 89
96 69
44 63
39 1
142 97
123 41
135 98
121 44
68 107
37 46
40 5
3 48
112 111
119 139
134 84
115 99
81 141
126 72
8 66
75 119
124 94
123 113
71 28
90 13
19 56
123 13
120 9
148 132
62 71
23 143
98 81
3 143
4 101
84 120
131 31
146 56
121 65
85 5
113 71
71 129
82 120
17 50
124 94
89 63
44 51
5 75
79 128
54 112
141 97
24 46
130 8
10 101
23 10
72 102
121 27
77 53
28 20
71 110
14 43
51 84
74 10
75 5
124 63
49 135
71 41
149 113
83 84
126 18
71 26
38 95
13 92
17 54
100 136
20 133
5 108
107 113
47 4
18 37
22 2
48 40
118 3
78 26
140 83
108 71
146 138
82 9
22 17
90 112
63 23
27 25
41 54
108 117
29 26
22 14
128 0
29 24
38 95
77 34
149 56
130 141
5 84
89 0
86 4
43 21
44 117
29 122
8 82
76 127
107 145
62 137
100 121
6 101
10 103
138 119
53 94
27 15
96 124
51 56
81 110
145 31
127 39
140 76
30 131
95 104
64 136
105 114
45 2
27 83
97 136
139 127
61 46
55 23
45 140
87 57
45 138
80 30
32 131
106 28
106 127
3 143
9 43
60 119
41 84
44 1
66 4
16 106
131 148
94 126
21 8
56 76
137 82
23 147
37 26
87 149
84 66
28 144
57 4
21 142
4 20
144 94
65 57
103 2
130 77
13 124
130 49
56 72
125 142
137 89
24 128
36 4
68 70
98 91
66 119
127 6
0 8
84 60
15 120
107 80
74 126
104 57
13 9
20 85
149 66
103 22
59 49
132 65
104 57
147 92
29 46
42 103
108 67
28 129
139 22
10 0
121 81
62 21
141 135
67 47
122 106
23 145
133 25
133 45
38 19
75 64
19 45
65 39
131 69
54 1
121 21
22 105
3 11
123 102
65 85
66 100
28 106
60 26
4 28
135 20
16 116
88 145
127 83
105 78
119 88
56 8
125 92
36 121
16 139
21 63
49 113
105 27
116 103
116 63
82 36
136 85
65 102
120 109
136 122
50 105
60 74
95 72
94 54
61 9
141 39
36 10
134 89
71 17
97 72
134 29
10 140
22 117
33 81
21 72
77 121
100 85
92 76
33 16
129 46
99 66
78 12
137 79
9 83
106 16
21 135
7 70
98 73
96 140
113 79
8 94
131 141
72 76
19 37
65 56
133 75
58 28
119 8
59 125
123 97
105 101
94 38
48 4
28 116
7 5
51 103
37 20
147 29
110 124
32 125
9 122
12 94
29 73
92 94
5 113
125 144
86 1
61 136
148 67
132 84
134 26
77 32
12 27
146 107
97 33
21 69
132 81
112 113
33 0
40 129
56 140
82 72
54 115
21 55
31 8
131 61
4 108
104 57
132 110
50 67
89 30
109 146
8 11
79 105
96 48
104 148
83 55
86 69
9 27
81 143
0 54
68 38
76 24
35 122
95 137
29 104
89 113
143 29
100 114
140 25
31 61
1 147
18 76
71 91
67 30
92 51
142 87
112 53
48 26
80 51
59 133
146 41
130 116
87 45
79 85
9 64
23 4
104 110
110 23
5 131
30 148
34 129
32 90
123 9
51 136
67 92
64 23
105 5
133 134
0 92
41 90
91 108
108 68
20 51
92 73
113 9
16 55
135 60
124 21
102 135
78 97
70 144
143 129
24 124
105 50
25 37
88 47
83 62
110 106
96 46
0 144
78 115
80 71
16 45
122 127
28 64
50 52
103 128
93 123
55 9
108 70
80 68
142 35
19 128
65 145
4 131
135 34
142 80
52 140
25 39
147 38
97 104
98 139
133 33
148 144
8 74
140 55
139 42
74 16
64 82
91 69
52 99
13 137
2 80
79 103
22 77
111 127
23 4
28 113
55 0
88 147
15 84
94 50
129 83
31 92
51 94
31 26
99 4
30 132
64 75
109 85
9 11
145 123
136 50
123 117
95 3
68 120
10 74
132 56
124 104
45 105
22 84
12 139
89 84
45 106
68 134
89 118
78 12
100 7
6 134
107 71
57 25
66 18
2 141
147 130
50 99
132 16
107 117
139 126
34 50
102 128
35 108
141 38
55 65
147 65
38 134
88 145
43 130
22 35
140 21
130 64
71 75
3 32
147 73
143 45
54 96
75 40
131 120
29 72
139 111
47 95
22 133
74 105
83 1
126 134
144 11
35 31
30 40
22 24
119 44
123 45
2 86
43 20
118 96
81 100
125 53
113 30
40 39
34 2
13 142
118 97
80 35
76 33
36 53
124 65
97 114
149 54
70 122
24 92
8 81
131 111
145 21
50 49
143 83
76 19
42 27
3 13
135 47
104 84
76 60
1 64
109 5
33 60
53 54
128 14
87 19
86 16
88 96
98 42
41 90
90 103
68 112
141 23
81 124
82 125
87 8
142 51
139 77
8 138
135 6
137 38
125 67
139 70
54 73
99 55
74 94
75 134
50 78
109 142
8 91
106 111
118 117
87 68
117 71
148 89
93 135
91 11
46 34
29 44
56 99
117 123
55 62
82 141
75 120
104 17
85 41
121 71
14 114
71 119
62 51
108 112
88 16
126 42
96 110
99 76
79 84
61 115
96 133
72 108
85 139
50 122
28 101
66 131
80 42
40 32
93 40
124 51
105 68
0 134
68 133
59 84
107 3
140 134
7 26
124 81
106 98
15 104
125 45
123 6
21 139
80 50
122 113
110 116
57 37
22 91
6 115
15 44
8 37
20 21
79 86
42 91
36 55
14 10
3 28
96 11
107 104
24 148
33 58
90 79
94 120
50 38
86 116
3 148
72 26
113 78
11 123
62 12
38 115
51 130
100 74
107 77
93 141
103 105
72 133
91 7
95 79
54 71
48 131
74 25
3 119
45 82
113 42
90 5
38 71
111 115
18 20
7 85
137 68
18 94
130 2
130 17
122 96
30 80
38 84
73 26
124 46
118 86
40 131
124 52
60 9
79 49
43 145
73 130
130 70
16 77
25 103
10 139
146 31
69 70
114 130
85 121
149 52
33 43
93 26
22 38
1 129
136 144
55 19
56 146
103 124
105 97
98 120
142 118
131 21
16 146
39 69
62 137
53 7
1 67
103 113
9 65
76 61
53 133
111 8
78 31
69 108
33 20
147 54
95 24
49 45
26 7
55 119
113 43
99 123
142 1
108 77
63 96
108 135
82 40
68 108
0 117
78 142
96 2
85 71
70 69
123 54
9 12
97 139
127 17
92 139
147 41
109 103
128 48
85 92
133 48
53 120
9 71
81 2
21 12
124 59
90 37
148 125
136 75
116 13
45 24
144 101
141 113
86 87
7 68
94 119
89 93
32 121
113 134
23 45
149 143
60 131
18 116
46 8
88 54
49 23
48 71
32 19
13 131
71 48
70 146
118 34
18 13
10 81
86 47
125 56
149 34
6 89
103 74
46 141
107 19
113 131
2 72
50 0
8 77
20 91
36 120
70 9
140 125
66 12
142 134
63 108
104 133
95 109
49 125
145 25
98 21
3 116
99 141
11 9
18 129
14 70
144 142
56 15
142 68
90 4
89 29
35 50
42 65
73 89
60 127
122 139
35 61
34 113
121 80
64 83
120 41
94 52
110 147
48 17
92 40
84 27
64 42
142 90
127 123
71 122
60 106
50 117
15 16
126 4
7 68
32 36
112 62
101 9
57 20
22 141
40 8
101 18
67 131
69 7
97 72
71 72
66 111
34 120
102 118
86 49
59 142
14 7
125 38
80 51
96 87
117 137
118 53
13 1
86 119
90 10
36 82
117 149
86 70
67 102
137 79
72 60
39 35
104 10
51 95
96 50
87 5
56 146
146 108
135 84
29 89
30 132
129 131
118 112
91 10
50 81
68 134
101 32
56 106
126 4
75 122
149 96
19 20
82 96
99 24
62 30
130 62
74 24
143 26
79 49
39 46
45 6
134 78
34 58
116 128
25 16
54 12
134 8
105 68
72 81
8 109
55 114
91 9
101 55
3 84
116 63
90 94
13 49
74 132
16 23
43 24
114 100
6 11
53 135
4 52
141 85
140 114
11 52
120 6
26 24
42 6
22 34
131 11
126 13
5 32
94 23
135 3
0 88
98 34
59 57
140 126
35 117
26 78
95 17
117 94
59 48
37 32
47 4
0 141
131 43
45 137
58 146
101 128
25 69
61 128
65 140
38 15
68 145
146 112
84 115
86 44
2 122
32 61
112 21
78 76
80 47
2 100
52 27
109 45
93 119
140 50
23 48
68 124
0 12
10 5
120 26
67 18
110 29
92 106
35 137
95 30
30 11
39 76
119 91
11 19
125 73
133 113
106 88
84 14
23 131
60 36
115 96
141 49
21 144
82 102
45 24
10 15
123 71
68 24
38 114
71 93
50 92
124 56
41 19
72 120
85 88
101 75
12 56
104 15
45 101
76 108
80 21
2 67
131 59
20 134
128 71
104 33
43 21
115 17
100 12
140 11
1 65
89 36
93 101
136 37
43 34
8 28
46 54
134 95
94 91
23 89
79 32
33 12
128 19
121 3
133 47
42 105
55 63
111 17
2 69
79 60
143 14
80 57
115 83
96 2
99 52
72 5
19 0
107 80
128 66
122 121
54 105
147 15
118 61
132 103
69 133
113 148
89 62
90 103
22 88
55 99
68 60
128 147
43 116
49 91
137 142
67 31
0 80
116 53
40 93
63 97
42 80
128 80
47 85
74 30
63 43
123 4
38 70
131 44
14 90
2 146
129 33
11 89
56 72
97 45
28 19
147 128
59 93
130 57
132 42
137 46
124 17
113 143
112 143
71 90
101 29
74 148
121 87
34 18
129 75
102 30
84 45
35 135
55 79
97 6
140 6
56 40
14 22
112 6
61 134
14 30
137 96
24 19
22 62
18 146
37 143
87 7
71 14
43 85
29 83
13 49
122 112
67 117
101 35
79 136
116 107
35 91
126 105
24 17
141 77
91 81
3 44
134 138
49 66
34 33
10 137
57 79
108 69
20 64
83 34
122 43
139 16
89 73
100 99
91 39
54 140
119 14
109 40
34 76
129 104
14 123
147 14
64 55
89 92
97 93
20 25
16 62
85 79
50 5
35 86
67 14
62 6
28 61
98 131
106 6
99 26
83 8
7 18
24 21
135 93
66 63
56 28
12 94
5 149
148 136
34 21
77 103
46 86
44 107
81 5
129 45
75 96
73 145
1 144
139 131
86 107
8 37
43 83
92 80
34 8
77 23
43 74
35 146
115 57
43 14
31 19
2 30
145 91
3 112
31 65
136 117
2 61
68 41
19 22
124 100
68 30
112 93
42 11
140 111
74 65
144 52
111 55
105 36
146 13
41 2
88 66
73 13
16 6
20 108
105 136
46 38
70 46
10 64
116 4
3 87
129 13
71 93
81 148
95 5
1 122
54 91
84 134
41 117
97 80
123 3
135 5
99 96
54 129
127 98
64 108
127 97
33 115
134 114
78 144
101 114
83 70
54 13
87 81
76 49
9 63
110 26
83 36
49 34
113 39
47 33
136 103
138 133
42 149
119 105
14 117
104 2
111 66
49 77
143 22
75 44
73 17
18 51
11 48
15 32
45 137
72 45
109 62
61 93
96 13
44 71
20 102
42 27
51 114
43 16
82 16
132 93
148 56
66 69
25 38
65 129
67 136
137 79
28 128
59 93
113 51
90 81
46 72
147 91
107 63
55 139
56 40
35 61
9 103
114 64
72 35
49 48
17 36
0 1
76 72
78 137
10 117
103 67
123 15
38 75
57 113
25 17
11 45
34 66
42 13
42 38
18 134
91 10
22 31
85 106
142 92
53 64
15 110
93 131
99 144
27 137
10 98
24 108
138 107
146 105
20 70
15 109
131 23
26 134
64 22
115 13
128 76
47 32
35 103
67 101
14 114
126 91
28 99
51 21
102 58
97 39
24 141
34 37
32 40
15 137
82 29
21 145
129 145
147 49
39 92
134 36
128 78
120 17
149 88
54 98
3 108
127 38
76 19
120 111
56 87
7 53
72 21
113 66
11 49
37 72
91 88
14 36
57 136
113 38
14 16
56 105
77 46
87 24
15 91
91 32
1 134
2 58
139 77
83 141
28 22
37 68
66 118
147 78
26 116
57 19
92 95
71 2
138 102
134 66
20 8
101 118
141 45
127 19
31 106
102 10
146 80
85 22
18 104
133 13
21 146
101 68
79 14
41 6
120 69
125 16
149 113
23 87
125 82
69 50
68 23
104 47
149 38
25 44
126 90
71 83
40 23
1 133
116 40
102 101
109 36
88 33
4 75
102 64
27 65
95 128
123 49
34 73
92 63
42 92
99 39
74 0
130 1
70 128
81 104
11 49
133 11
31 74
119 21
113 61
32 72
104 146
148 65
144 87
131 80
146 114
19 31
128 139
67 114
5 63
21 148
46 67
41 146
132 55
136 8
39 2
103 143
37 52
4 35
30 111
99 116
105 45
106 25
123 36
70 10
88 52
123 60
120 24
112 17
58 143
118 34
90 18
55 92
47 41
63 60
145 99
92 78
70 6
127 66
13 26
23 32
43 0
99 12
75 132
117 47
94 66
20 18
23 90
52 94
33 134
128 12
145 85
75 97
55 29
146 67
134 48
42 45
71 143
7 124
121 51
87 45
45 138
61 28
123 1
8 97
31 115
101 92
105 123
72 26
38 76
0 45
74 92
85 66
71 107
51 25
146 99
40 141
126 123
97 134
123 75
6 101
14 30
38 97
74 53
61 56
75 46
135 2
64 119
14 91
74 18
98 104
136 23
85 88
39 27
70 140
21 30
29 110
1 129
120 59
38 55
101 19
62 125
92 36
6 119
134 90
120 21
23 32
76 25
32 40
144 121
131 133
130 88
117 142
18 93
77 143
9 4
31 67
144 93
102 74
119 55
103 77
46 72
64 40
148 25
142 76
10 11
109 10
78 32
6 139
117 113
149 52
144 104
141 70
91 137
19 55
97 5
83 90
115 41
57 116
144 100
69 26
113 70
127 103
130 74
105 73
110 28
117 8
12 97
144 86
64 95
146 87
115 36
71 118
145 119
46 101
14 140
4 119
112 109
76 37
149 78
148 91
108 0
56 13
142 7
6 117
129 54
119 146
86 99
78 97
47 68
