70 900
33 9
57 66
43 13
36 22
9 28
2 55
50 25
13 28
60 40
52 31
11 64
17 3
62 19
62 14
67 33
19 23
32 26
29 23
3 46
21 36
69 48
21 11
34 59
38 55
35 8
53 48
21 40
46 1
62 29
6 67
35 32
44 2
56 38
46 60
3 31
14 12
32 9
14 11
4 61
3 59
7 39
36 1
68 55
3 68
4 16
12 44
46 52
19 35
36 33
54 66
5 46
4 2
37 68
17 15
47 2
52 19
61 40
16 50
35 53
4 7
40 42
41 46
57 59
11 6
69 30
17 9
17 9
66 28
36 55
59 28
18 46
22 29
63 29
30 8
28 24
30 15
36 60
28 51
16 65
1 32
59 27
44 31
1 14
3 5
4 63
14 19
37 9
63 17
37 23
29 17
42 2
7 41
35 16
44 41
28 48
29 4
5 7
28 39
63 61
48 20
56 6
43 23
53 39
40 44
58 68
48 66
47 61
36 7
63 62
23 28
52 64
4 24
65 17
4 2
69 7
34 21
27 26
4 37
11 22
38 18
63 59
8 39
22 21
10 51
1 58
20 37
65 64
56 6
66 67
65 7
16 49
28 21
47 56
34 36
36 54
59 57
0 63
1 46
11 14
13 10
30 57
9 12
59 1
39 48
13 27
40 22
16 2
44 40
10 62
26 43
26 66
45 38
19 49
47 44
28 1
29 48
56 48
32 7
6 8
3 18
1 69
59 14
11 29
19 27
20 30
65 28
47 10
24 47
0 47
22 19
46 37
30 3
52 55
32 64
25 33
62 22
40 19
28 69
28 57
14 62
19 57
29 5
12 53
4 55
59 68
33 46
20 69
30 55
59 26
3 46
31 61
34 19
1 33
6 19
64 10
12 32
34 69
42 32
48 52
42 12
8 58
36 56
3 35
63 8
13 16
20 17
7 46
8 49
20 58
38 29
19 9
33 1
3 64
53 22
6 49
32 62
55 20
47 61
6 15
14 13
60 47
68 36
50 33
6 68
4 46
19 57
49 22
38 58
20 15
47 62
9 37
25 30
19 0
15 41
24 51
49 44
5 14
23 17
57 58
48 35
29 9
47 50
12 5
23 48
69 9
42 46
21 28
26 32
31 26
0 4
63 25
11 34
30 21
46 53
7 66
20 41
4 2
14 4
45 59
32 22
30 58
6 17
32 37
49 28
10 12
10 32
0 31
3 9
67 52
46 7
45 20
50 34
39 48
49 62
4 25
41 17
33 59
18 62
46 3
4 67
57 21
30 3
7 61
19 63
8 61
63 6
28 11
7 52
43 6
8 18
34 27
9 15
19 64
48 11
38 30
43 48
1 69
8 0
19 25
9 34
43 24
34 28
7 41
22 18
40 53
31 2
5 66
7 26
11 27
31 55
61 39
20 38
40 8
5 65
6 63
12 50
29 30
4 14
30 17
21 47
32 68
29 41
15 65
24 52
3 61
9 30
29 14
47 2
46 25
18 46
3 15
44 13
5 7
21 1
35 61
39 6
33 68
45 67
62 14
7 57
23 27
46 7
6 51
23 24
14 43
59 65
42 63
8 9
40 22
54 40
26 37
27 14
3 40
13 26
45 67
40 66
27 28
13 27
10 43
20 21
11 51
33 3
39 55
14 44
5 54
38 56
45 60
5 57
39 48
7 50
43 29
36 31
25 44
46 33
20 6
51 33
22 63
19 31
40 48
52 22
44 56
3 16
48 8
23 9
30 19
13 31
19 30
17 66
42 48
2 19
34 12
28 9
10 50
9 21
32 43
41 22
43 17
42 25
15 13
17 25
27 9
56 69
58 68
33 15
53 58
39 38
16 7
0 20
38 26
58 18
26 31
35 15
11 56
49 9
20 51
64 0
29 68
58 21
23 5
34 54
29 34
67 33
33 20
22 27
1 25
19 53
24 63
51 9
57 37
31 4
3 11
43 41
31 30
25 34
35 6
12 41
41 5
42 21
21 26
55 60
68 8
9 52
27 6
16 40
17 13
27 9
62 8
66 55
30 25
51 18
46 48
10 33
63 21
6 4
30 34
45 60
9 69
20 4
0 33
13 47
18 12
21 1
45 2
65 19
10 37
53 20
2 22
0 35
57 69
6 19
31 65
69 36
48 17
38 67
10 8
57 59
26 29
42 40
47 7
59 58
46 22
27 58
55 60
28 53
5 24
5 21
28 42
18 45
43 20
47 1
42 16
15 49
5 49
43 5
7 3
31 62
24 0
24 35
49 3
47 48
41 51
52 46
6 49
10 12
2 64
57 27
53 3
66 21
14 20
33 0
22 18
17 48
28 42
10 6
56 30
31 2
2 51
31 2
37 13
31 30
20 18
8 28
14 28
42 38
34 42
39 1
22 6
19 6
50 61
4 48
19 52
65 25
6 23
23 34
49 45
2 61
3 39
19 5
31 29
34 12
28 34
7 35
43 31
69 20
35 21
28 66
40 20
33 1
51 0
7 41
45 61
41 64
43 19
20 21
5 11
12 49
19 14
19 14
69 17
31 66
33 27
23 3
24 14
61 51
66 0
47 54
32 17
32 53
21 15
14 13
48 36
23 37
7 37
13 24
22 10
53 15
26 12
21 45
16 21
60 35
15 43
25 12
69 66
58 24
2 67
9 4
41 60
10 45
16 54
39 37
68 19
28 30
53 38
30 52
65 63
53 15
8 35
21 62
69 21
60 9
15 52
64 51
44 17
19 26
19 24
53 32
43 13
67 36
14 66
59 6
59 1
32 29
46 47
29 66
66 68
51 53
23 51
2 18
53 27
39 40
34 37
44 57
29 62
58 30
2 40
65 14
23 20
14 6
35 25
7 32
39 15
12 20
42 54
20 6
10 24
31 27
29 7
16 55
31 36
15 37
59 57
48 22
17 46
5 21
67 19
41 49
26 43
26 13
44 25
66 49
22 39
34 4
20 16
6 43
44 32
7 16
44 49
32 15
57 24
5 35
8 5
35 8
62 17
25 37
49 2
46 53
11 26
15 16
22 8
9 56
46 63
12 58
6 7
23 35
66 1
10 37
18 52
31 53
49 65
63 3
40 35
12 69
31 5
17 32
11 4
13 15
35 51
20 45
12 37
4 15
15 10
32 10
2 26
59 29
13 8
61 16
62 45
59 1
64 69
20 24
24 45
47 0
20 3
12 9
46 17
40 11
35 10
48 57
21 46
50 56
60 5
41 65
0 17
19 29
40 23
3 51
34 21
16 22
3 20
29 30
50 22
64 31
26 62
65 29
41 61
7 54
21 49
39 13
13 6
27 49
59 25
61 25
8 9
39 31
48 40
44 65
10 69
6 18
42 7
18 22
50 62
19 32
66 54
35 4
58 54
6 17
28 49
32 53
16 51
39 49
20 9
47 12
13 0
1 29
58 9
34 5
36 24
3 4
34 48
47 67
43 27
40 39
54 55
57 58
17 2
19 23
43 68
6 43
65 45
5 37
50 55
12 49
39 40
2 69
46 52
5 41
28 32
17 51
26 30
32 55
69 1
30 6
47 50
25 32
64 62
10 13
8 68
4 30
14 46
28 20
22 59
16 24
2 1
7 4
34 20
6 63
34 59
4 24
35 44
36 59
63 17
27 11
12 67
10 19
49 36
21 33
14 31
55 9
42 28
40 67
43 1
51 30
45 22
44 24
10 34
13 67
19 8
23 15
54 47
4 20
13 16
41 14
3 49
35 31
1 4
43 24
27 32
54 53
49 1
27 12
31 45
21 31
67 19
6 31
49 66
20 48
21 25
36 32
3 44
7 42
10 36
15 56
50 24
12 61
9 0
50 64
37 52
29 44
32 45
8 64
25 13
6 11
16 9
30 0
20 52
4 8
63 23
11 31
7 14
47 16
8 20
50 12
8 28
43 53
30 58
56 26
23 60
52 28
5 15
13 30
62 5
55 42
30 32
26 40
23 56
7 60
43 0
11 8
9 25
4 63
40 36
49 15
37 56
16 57
49 33
22 24
1 60
51 59
8 30
22 63
35 14
10 22
1 16
13 4
10 58
62 55
12 16
47 17
8 5
54 2
