100 1100
41 61
63 9
54 38
15 17
51 92
48 78
68 94
51 58
5 14
95 16
34 96
29 67
43 71
37 50
28 69
58 89
43 95
7 56
33 82
57 15
69 16
78 82
87 0
95 3
74 72
92 88
6 14
40 88
44 78
52 97
47 62
51 45
41 96
18 97
79 85
97 3
40 84
46 90
36 4
80 43
41 63
86 24
42 26
34 2
23 56
8 19
45 25
32 87
87 77
99 11
86 15
75 42
91 6
4 28
32 75
17 37
88 74
18 55
39 51
26 72
98 68
4 37
3 34
68 59
26 59
77 23
83 63
48 46
32 75
52 91
68 84
47 29
81 35
24 98
18 81
43 33
95 12
10 86
82 77
9 68
66 23
30 17
65 35
73 67
20 15
23 73
3 92
82 69
96 25
94 53
77 16
81 99
5 6
31 14
78 66
56 54
64 53
92 86
53 41
47 71
40 83
81 28
61 18
88 81
90 43
21 61
40 70
89 27
2 86
53 94
69 3
63 52
33 31
71 88
81 36
80 74
80 76
84 45
5 45
59 17
16 39
82 19
3 45
11 92
0 95
24 89
11 79
40 98
3 96
90 94
51 18
14 96
12 16
93 35
32 75
43 21
41 69
13 63
46 93
59 85
48 14
76 97
91 27
63 38
48 54
88 28
4 74
40 45
62 6
93 23
83 76
62 85
35 98
6 18
37 91
28 2
37 48
61 0
31 40
11 36
4 63
99 24
31 37
0 66
47 76
85 5
65 48
92 56
47 68
41 73
60 63
14 4
37 45
71 61
51 6
63 2
3 89
54 96
16 52
7 56
58 15
26 66
21 63
44 49
66 35
62 69
75 37
13 16
71 84
70 78
16 81
98 70
34 47
84 8
44 6
44 6
32 37
35 96
39 34
61 9
14 45
81 47
49 59
90 43
98 47
92 45
4 9
94 81
51 88
9 33
19 88
36 27
62 24
73 98
99 46
27 6
17 26
51 52
22 62
36 67
12 57
84 48
27 39
74 61
89 53
22 32
86 45
27 12
18 21
70 34
54 58
91 65
85 39
47 75
34 85
76 49
20 33
82 14
60 65
74 10
78 76
35 6
4 41
32 97
83 68
1 36
8 49
90 49
73 29
38 61
41 78
62 63
25 46
40 94
39 59
23 4
60 52
1 96
19 95
48 62
85 2
21 62
79 77
96 84
8 19
9 27
69 67
42 52
65 75
28 3
16 28
12 42
90 56
62 13
96 81
32 60
68 18
54 45
13 84
49 13
16 25
91 73
69 37
29 83
35 22
19 51
31 0
8 62
71 56
1 25
99 85
98 61
56 97
86 3
44 48
72 58
19 89
13 84
24 83
64 37
80 97
75 41
32 44
20 96
70 54
68 26
79 7
77 71
16 53
78 62
76 6
63 91
20 27
89 45
45 21
77 91
26 32
64 30
81 29
17 84
66 72
32 24
75 32
68 93
14 10
35 29
85 84
4 56
95 35
99 56
38 63
75 19
48 20
72 10
43 54
60 39
24 87
33 50
21 70
40 16
8 10
86 42
83 5
48 40
15 40
57 69
43 88
8 37
9 10
29 3
19 14
32 78
4 25
22 55
9 25
63 19
64 12
77 48
13 64
19 62
63 25
41 60
30 80
14 1
10 55
78 57
38 13
49 21
40 39
87 86
79 85
14 74
75 97
6 87
97 17
47 0
36 93
14 72
30 47
86 79
44 18
89 5
44 78
63 82
42 8
64 87
49 80
2 69
20 61
63 83
72 49
76 66
30 51
35 27
67 19
91 11
65 48
42 13
10 49
53 21
16 37
51 29
35 47
22 0
0 26
21 94
26 73
29 57
7 77
96 38
65 96
5 78
47 0
89 49
14 65
99 84
70 18
16 58
2 83
80 9
50 13
99 65
13 48
75 90
90 67
92 34
75 76
44 22
21 66
86 10
91 39
54 22
93 9
53 75
48 74
53 65
99 75
67 0
35 97
99 28
72 61
82 59
83 80
20 54
89 75
18 22
33 55
20 77
1 10
67 49
50 48
8 43
51 22
11 53
27 85
3 28
10 16
67 89
73 47
86 53
4 14
81 75
86 3
83 41
6 16
85 8
50 16
55 93
7 74
79 97
14 39
25 78
29 91
26 29
18 16
2 71
26 41
8 79
16 10
19 97
21 54
28 24
47 69
3 87
38 75
20 8
55 21
67 42
98 64
35 62
94 36
88 22
52 1
28 34
71 31
69 87
27 23
72 45
93 50
97 94
68 74
69 95
36 89
31 96
97 43
73 79
56 5
6 68
66 58
61 78
83 69
11 33
80 68
70 17
31 12
47 92
8 53
22 91
89 7
52 17
85 70
66 15
7 79
42 92
29 12
33 62
0 22
77 84
74 11
36 91
46 6
98 81
6 81
0 8
4 53
59 85
36 72
3 82
8 22
61 90
47 4
97 0
36 63
85 82
27 37
42 78
5 92
78 75
74 59
50 19
46 74
76 3
82 12
53 52
53 99
36 8
44 21
0 75
96 21
35 28
51 7
83 24
51 96
2 61
37 27
65 95
40 69
54 20
59 62
62 50
53 26
50 76
93 5
26 9
66 54
50 96
99 26
12 67
44 37
95 89
87 54
85 77
70 22
89 76
68 47
80 56
10 24
68 98
41 29
30 67
76 27
3 51
34 95
35 16
51 25
90 35
70 90
33 41
65 15
78 2
34 83
74 14
49 97
97 49
46 70
46 21
28 19
36 58
97 2
60 52
52 18
35 12
75 6
31 26
11 9
4 67
88 26
21 79
30 73
36 89
5 78
19 47
63 89
75 89
47 18
17 24
35 68
30 51
31 28
71 6
20 45
79 14
63 34
65 1
96 22
1 56
43 7
4 9
67 20
5 27
75 74
34 87
74 66
29 27
35 55
56 44
96 13
83 6
13 57
2 60
38 37
91 90
44 32
26 80
74 4
75 2
53 38
68 31
82 62
81 43
18 97
32 24
4 23
52 97
41 44
47 98
89 86
70 65
33 27
54 42
37 36
66 53
58 40
77 23
81 48
47 98
16 60
74 96
73 59
86 3
1 24
31 29
93 77
1 79
70 94
48 38
49 29
79 38
37 87
65 52
92 5
2 74
61 2
2 44
40 10
1 45
2 0
19 35
24 38
33 71
67 35
50 91
37 26
23 22
10 28
68 65
29 65
7 45
35 85
86 11
61 2
21 7
87 43
97 20
9 34
36 24
32 39
13 40
24 35
6 24
70 50
2 81
64 41
25 69
20 98
64 67
56 19
59 26
82 30
44 36
94 37
13 88
54 12
52 79
3 75
97 87
27 16
85 51
1 53
55 14
51 3
52 63
19 31
10 67
29 57
28 62
79 50
39 10
99 1
21 94
5 96
12 53
83 81
9 94
95 7
66 91
33 30
74 39
67 90
63 29
98 77
28 52
53 8
30 64
96 30
14 96
79 23
42 50
85 64
7 44
47 65
46 89
69 35
12 62
53 7
13 83
16 22
37 91
58 4
92 23
28 96
76 0
53 3
19 90
90 74
38 18
37 48
97 12
14 79
51 48
63 72
28 50
55 1
79 9
83 74
76 45
86 19
68 29
20 75
27 74
22 32
67 66
89 38
14 35
11 58
91 82
79 82
73 37
75 79
27 22
61 17
29 7
16 19
86 43
75 33
66 54
17 76
34 56
46 32
41 14
63 9
63 28
30 96
67 80
27 89
83 45
57 81
16 54
30 33
47 6
65 53
52 10
77 87
20 54
55 65
41 88
31 5
91 77
49 59
87 21
72 66
85 33
33 97
52 86
53 63
60 9
44 92
60 85
20 97
83 43
79 19
54 81
48 54
4 98
84 60
34 40
11 69
86 45
70 67
99 4
59 7
1 85
81 43
63 56
20 21
55 75
91 71
70 71
63 59
87 78
4 99
64 18
1 31
51 9
38 46
14 39
29 70
39 92
54 6
61 93
9 54
83 46
45 3
90 29
77 97
87 27
58 4
76 10
91 87
10 12
97 76
36 98
77 60
58 71
97 16
15 5
96 72
57 74
1 46
21 83
84 17
8 89
49 28
11 63
72 91
39 32
84 39
5 25
70 59
13 76
72 33
34 25
76 10
69 92
98 37
4 82
38 91
45 81
57 39
37 19
26 65
7 9
0 21
32 14
96 42
37 95
23 11
45 31
1 26
26 89
55 38
31 28
3 49
29 32
81 65
98 97
91 9
67 45
28 52
21 49
65 89
42 20
69 43
97 4
51 42
79 43
15 76
77 20
7 87
88 53
22 10
6 61
12 95
83 93
93 72
25 21
13 66
55 44
63 99
61 90
97 53
10 32
72 78
79 54
44 55
6 23
3 24
58 96
46 97
87 41
67 39
88 41
77 81
60 92
16 44
4 60
82 89
74 93
12 28
23 66
30 61
71 55
2 52
69 12
92 48
67 57
77 26
77 93
47 66
43 94
78 7
86 42
83 30
4 30
95 89
11 19
77 30
79 43
32 33
36 70
84 14
21 41
7 75
64 53
55 30
38 86
86 13
55 72
35 69
24 40
47 76
4 16
67 40
23 67
0 81
62 32
22 43
34 13
62 85
32 99
26 25
0 53
45 24
31 53
64 34
70 31
0 58
44 24
67 73
64 22
75 35
12 27
19 34
64 42
65 50
47 36
27 38
52 57
12 88
1 34
59 81
25 7
95 79
46 22
85 0
38 17
57 66
35 87
6 28
77 60
16 76
11 32
41 30
65 55
7 50
79 20
87 94
85 16
34 69
53 42
90 21
29 77
91 76
32 67
84 66
17 89
14 29
93 35
80 95
98 84
44 19
13 44
43 75
33 69
78 76
17 25
98 10
25 53
29 92
76 78
23 53
72 54
19 63
51 48
75 37
81 50
12 44
45 95
95 77
78 92
60 3
0 37
93 82
48 24
44 54
40 99
40 97
27 37
79 72
45 91
